0 0 14
1 0 0 0
0 1 0 0
0 0 1 0
0 0 0 1
0 0 14
1 0 0 0
0 1 0 0
0 0 1 0
0 0 0 1
1 1 14
0.99995952 -0.0032153 -0.00840338 0.05358347 
3.20741041e-03 9.99994401e-01 -9.54238269e-04 1.59978360e-02 
8.40638929e-03 9.27242520e-04 9.99964238e-01 1.92116355e-01 
0. 0. 0. 1. 
2 2 14
0.99981897 0.00116286 -0.0189913 0.00200968 
-0.00119588 0.99999779 -0.00172784 -0.01435226 
0.01898923 0.00175024 0.99981816 0.3906611 
0. 0. 0. 1. 
3 3 14
0.99978821 -0.00498962 -0.01996607 0.00108376 
0.00492992 0.99998324 -0.00303851 -0.01043693 
0.01998089 0.00293943 0.99979605 0.43965919 
0. 0. 0. 1. 
4 4 14
0.99978821 -0.00498962 -0.01996607 0.00108376 
0.00492992 0.99998324 -0.00303851 -0.01043693 
0.01998089 0.00293943 0.99979605 0.43965919 
0. 0. 0. 1. 
5 5 14
9.99711861e-01 -8.18306178e-03 -2.25665178e-02 3.35118955e-04 
0.00815852 0.99996603 -0.00118008 0.03548329 
2.25754004e-02 9.95634854e-04 9.99744655e-01 4.65789104e-01 
0. 0. 0. 1. 
6 6 14
0.999711 -0.00690991 -0.02302593 -0.01980641 
0.0069367 0.99997535 0.00108341 0.05331951 
0.02301787 -0.00124283 0.99973429 0.46535552 
0. 0. 0. 1. 
7 7 14
0.99953921 -0.01235316 -0.02772697 -0.11014878 
0.01254249 0.99989913 0.00666433 0.03271954 
0.02764184 -0.00700902 0.99959333 0.48530292 
0. 0. 0. 1. 
8 8 14
0.99951996 -0.00955799 -0.02947062 -0.095165 
0.00953062 0.99995401 -0.00106982 0.08101534 
2.94794875e-02 7.88436255e-04 9.99565082e-01 5.00402656e-01 
0. 0. 0. 1. 
9 9 14
0.99950618 -0.01160376 -0.02920253 -0.10681294 
0.0113359 0.99989229 -0.0093222 0.21990187 
0.02930756 0.00898657 0.99953005 0.51121267 
0. 0. 0. 1. 
10 10 14
0.99960376 -0.01174896 -0.02557959 -0.13509239 
0.01148001 0.99987752 -0.0106368 0.2241207 
0.02570143 0.01033894 0.9996162 0.45039759 
0. 0. 0. 1. 
11 11 14
0.99959358 -0.02045177 -0.01986006 -0.50243175 
0.01996278 0.99950007 -0.02451673 0.48718073 
0.02035153 0.02411032 0.99950213 0.22371231 
0. 0. 0. 1. 
12 12 14
0.99965859 -0.0178718 -0.01906112 -0.54120022 
0.01733189 0.99945414 -0.02812472 0.44689255 
0.01955335 0.02778476 0.99942268 0.2019438 
0. 0. 0. 1. 
13 13 14
0.99965145 -0.01518166 -0.02159962 -0.549712 
0.01478281 0.99971942 -0.01850775 0.23348702 
0.02187452 0.01818201 0.99959538 0.31484476 
0. 0. 0. 1. 
14 14 14
0.99965226 -0.00915186 -0.02473135 -0.56850343 
0.00879956 0.99985877 -0.01431747 0.01142083 
0.02485887 0.01409488 0.99959161 0.40936717 
0. 0. 0. 1. 
15 15 14
0.99956505 -0.00925978 -0.02800031 -0.59061966 
0.00892706 0.99988832 -0.01198511 0.01504146 
0.02810814 0.01172996 0.99953608 0.49290617 
0. 0. 0. 1. 
16 16 14
0.99952535 -0.01152728 -0.02856989 -0.71113232 
0.01109101 0.99982016 -0.01538283 0.0749634 
0.02874205 0.01505868 0.99947344 0.49024872 
0. 0. 0. 1. 
17 17 14
0.99969358 -0.00774075 -0.02351354 -0.76314452 
0.00741633 0.99987652 -0.01385393 -0.09244109 
0.02361786 0.01367533 0.99962754 0.2760748 
0. 0. 0. 1. 
18 18 14
0.99957143 -0.00898888 -0.02786087 -0.78896422 
0.00856427 0.99984591 -0.01532306 -0.03876901 
0.02799429 0.01507791 0.99949437 0.50529664 
0. 0. 0. 1. 
19 19 14
0.99957143 -0.00898888 -0.02786087 -0.78896422 
0.00856427 0.99984591 -0.01532306 -0.03876901 
0.02799429 0.01507791 0.99949437 0.50529664 
0. 0. 0. 1. 
20 20 14
0.99957096 -0.01041483 -0.02737678 -0.78303884 
0.0098783 0.9997579 -0.01966102 0.06272651 
0.02757489 0.01938217 0.99943183 0.47700264 
0. 0. 0. 1. 
21 21 14
0.99958016 -0.00897153 -0.02755136 -0.7823366 
0.0085123 0.99982363 -0.01674098 -0.05763766 
0.02769667 0.01649944 0.99948021 0.49466542 
0. 0. 0. 1. 
22 22 14
0.99956185 -0.0058046 -0.02902552 -0.78202937 
0.00532141 0.99984643 -0.01669697 -0.29871697 
0.02911795 0.01653522 0.99943922 0.55767073 
0. 0. 0. 1. 
23 23 14
0.99955145 -0.00991441 -0.02826104 -0.79211774 
0.00942599 0.9998048 -0.01736377 -0.03197619 
0.02842766 0.01708961 0.99944977 0.51180595 
0. 0. 0. 1. 
24 24 14
0.99957877 -0.00807898 -0.02787629 -0.81976929 
0.00753111 0.99977751 -0.01970289 -0.18170878 
0.02802926 0.01948468 0.9994172 0.47840619 
0. 0. 0. 1. 
25 25 14
0.99959515 -0.00826632 -0.02722618 -0.81929255 
0.00772291 0.99977007 -0.02000423 -0.17131694 
0.02738527 0.0197859 0.99942913 0.45861269 
0. 0. 0. 1. 
26 26 14
0.9996491 -0.00905453 -0.02489452 -0.83581223 
0.00862187 0.99981087 -0.0174325 -0.09448778 
0.02504764 0.01721177 0.99953809 0.30961477 
0. 0. 0. 1. 
27 27 14
0.99973195 -0.00807527 -0.02169943 -0.85944215 
0.00771287 0.99983026 -0.01673243 -0.16072372 
0.02183085 0.0165606 0.99962452 0.07776476 
0. 0. 0. 1. 
28 28 14
0.99978434 0.00375794 -0.02042545 -0.88833854 
-0.00423458 0.99971857 -0.02334251 -1.04786934 
0.02033197 0.02342399 0.99951887 -0.11777982 
0. 0. 0. 1. 
29 29 14
9.99888056e-01 3.87940854e-04 -1.49588644e-02 -9.19231523e-01 
-6.87717087e-04 9.99798947e-01 -2.00402393e-02 -7.91432462e-01 
0.01494807 0.02004831 0.99968728 -0.51261492 
0. 0. 0. 1. 
30 30 14
0.99995381 -0.00879943 -0.00387038 -1.10868656 
0.00875326 0.99989219 -0.01179005 -0.2595713 
0.0039737 0.01175565 0.99992302 -1.19500373 
0. 0. 0. 1. 
31 31 14
0.99993514 -0.01053813 -0.00432413 -1.06989631 
0.01049473 0.99989552 -0.00994123 -0.14996401 
0.00442843 0.00989523 0.99994125 -1.13155644 
0. 0. 0. 1. 
32 32 14
0.99997823 -0.00645038 -0.0014001 -1.17583056 
0.00643578 0.99992726 -0.01020216 -0.48998937 
0.0014658 0.01019296 0.99994699 -1.24540148 
0. 0. 0. 1. 
33 33 14
9.99951296e-01 -9.84590359e-03 7.00802777e-04 -1.24740388e+00 
0.00985202 0.99990814 -0.00930987 -0.23494832 
-6.09078620e-04 9.31635036e-03 9.99956426e-01 -1.29290223e+00 
0. 0. 0. 1. 
34 34 14
0.99998445 -0.00429759 0.00355584 -1.36229919 
0.00430781 0.99998663 -0.00286585 -0.7558035 
-0.00354348 0.00288115 0.99998958 -1.32767234 
0. 0. 0. 1. 
35 35 14
0.99998439 -0.00217893 0.00514636 -1.39211045 
0.00220082 0.99998857 -0.00424833 -0.86570199 
-0.00513705 0.00425962 0.99997774 -1.40788212 
0. 0. 0. 1. 
36 36 14
0.99998975 -0.00217005 0.00397391 -1.32083767 
0.00219989 0.99996937 -0.00751425 -0.71304879 
-0.00395749 0.00752294 0.99996388 -1.28959776 
0. 0. 0. 1. 
37 37 14
0.99999526 -0.0019939 0.00235078 -1.24186849 
0.0020131 0.9999645 -0.00818464 -0.70574852 
-0.00233438 0.00818936 0.99996375 -1.04084773 
0. 0. 0. 1. 
38 38 14
0.99999466 -0.00142785 -0.0029408 -1.01634441 
0.00140824 0.99997682 -0.00666501 -0.82977032 
0.00295024 0.00666087 0.99997347 -0.49537318 
0. 0. 0. 1. 
39 39 14
0.99996215 -0.0068286 -0.00539244 -0.92807178 
0.00678331 0.99994195 -0.0083744 -0.29382885 
0.00544931 0.00833754 0.9999504 -0.16553276 
0. 0. 0. 1. 
40 40 14
0.99986308 -0.01264874 -0.01066938 -0.58977555 
0.01257502 0.9998968 -0.00694988 0.13723365 
0.01075619 0.00681479 0.99991893 0.3469268 
0. 0. 0. 1. 
41 41 14
0.99985191 -0.01294673 -0.011338 -0.55433303 
0.01286009 0.99988781 -0.00768225 0.19919214 
0.01143618 0.00753534 0.99990622 0.41974146 
0. 0. 0. 1. 
42 42 14
0.99983417 -0.01256256 -0.01318418 -0.43198207 
0.01244969 0.99988546 -0.00860886 0.23397634 
0.01329081 0.00844333 0.99987603 0.5264059 
0. 0. 0. 1. 
43 43 14
0.99979189 -0.01220559 -0.01634706 -0.22846653 
0.01210132 0.9999059 -0.00646309 0.06420639 
0.01642441 0.00626396 0.9998455 0.79966143 
0. 0. 0. 1. 
44 44 14
0.99977651 -0.01331659 -0.01641982 -0.22751515 
0.01325543 0.99990483 -0.00382849 -0.02584331 
0.01646924 0.00361001 0.99985787 0.80809629 
0. 0. 0. 1. 
45 45 14
0.99956928 -0.02458686 -0.01602338 -0.28635071 
2.45968264e-02 9.99697372e-01 4.24283816e-04 6.62504912e-01 
1.60080933e-02 -8.18199107e-04 9.99871544e-01 7.89762966e-01 
0. 0. 0. 1. 
46 46 14
0.99942697 -0.02857837 -0.01813883 -0.10181751 
0.0285231 0.99958769 -0.00330022 1.34738731 
0.01822566 0.00278097 0.99983005 0.95845092 
0. 0. 0. 1. 
47 47 14
0.99949524 -0.02403572 -0.02077396 0.11940859 
0.02388279 0.99968604 -0.00757929 1.34263402 
0.02094961 0.00707935 0.99975549 1.34451364 
0. 0. 0. 1. 
48 48 14
0.99846969 0.00735039 -0.05481102 2.84227435 
-7.38932477e-03 9.99972580e-01 -5.08088312e-04 -1.76885587e+00 
5.48057832e-02 9.12343221e-04 9.98496642e-01 5.01139213e+00 
0. 0. 0. 1. 
49 49 14
0.99834687 0.01767417 -0.05469138 2.81035561 
-0.01812052 0.99980635 -0.00767666 -1.99863043 
0.05454511 0.00865503 0.99847382 5.0145306 
0. 0. 0. 1. 
50 50 14
0.99833287 0.01799818 -0.0548411 2.84020027 
-0.01848934 0.99979325 -0.0084622 -1.94034668 
0.05467745 0.00946209 0.99845926 5.03764555 
0. 0. 0. 1. 
51 51 14
0.99827518 0.01853246 -0.05570644 2.90629094 
-0.0190158 0.99978589 -0.0081594 -2.01270742 
0.05554329 0.00920465 0.99841388 5.15984599 
0. 0. 0. 1. 
52 52 14
0.99825579 0.01488122 -0.05713068 2.99848825 
-0.01575444 0.99976539 -0.01486497 -1.00388134 
0.05689605 0.01573912 0.99825607 5.34250313 
0. 0. 0. 1. 
53 53 14
0.99831502 0.01137266 -0.05690149 2.92491361 
-0.01206706 0.99985667 -0.01187527 -0.97585538 
0.05675826 0.01254191 0.99830919 5.41083554 
0. 0. 0. 1. 
54 54 14
0.99835431 0.01176557 -0.05612683 2.84755268 
-0.01242677 0.99985727 -0.01144634 -1.05416603 
0.05598413 0.012125 0.99835806 5.34539297 
0. 0. 0. 1. 
55 55 14
0.99831195 0.01682816 -0.05558822 2.80757431 
-0.0172626 0.99982402 -0.00734458 -1.95355031 
0.05545482 0.00829181 0.99842679 5.32281737 
0. 0. 0. 1. 
56 56 14
0.99823648 0.01664912 -0.05698002 2.93844096 
-0.01719015 0.99981158 -0.00901821 -1.7430594 
0.05681911 0.00998183 0.99833462 5.48489297 
0. 0. 0. 1. 
57 57 14
0.99821902 0.00382767 -0.05953258 3.19018861 
-0.00356558 0.99998349 0.00450799 -1.82014135 
5.95488296e-02 -4.28766979e-03 9.98216218e-01 5.77302227e+00 
0. 0. 0. 1. 
58 58 14
0.99827913 0.00311383 -0.05855836 3.08666517 
-0.0027686 0.99997833 0.00597551 -1.89024386 
0.05857567 -0.00580308 0.99826614 5.65696825 
0. 0. 0. 1. 
59 59 14
0.99831164 0.00513841 -0.05785719 3.00960016 
-0.00478578 0.99996914 0.0062314 -2.12037592 
0.05788739 -0.00594396 0.99830546 5.59372093 
0. 0. 0. 1. 
60 60 14
0.99828575 0.00414989 -0.05838093 3.04577984 
-0.0038535 0.99997912 0.00518837 -1.88203879 
5.84012168e-02 -4.95446813e-03 9.98280934e-01 5.68047604e+00 
0. 0. 0. 1. 
61 61 14
9.98179757e-01 2.34423793e-03 -6.02632691e-02 3.23363919e+00 
-0.00210938 0.99998994 0.00396021 -1.51571854 
6.02719158e-02 -3.82583986e-03 9.98174701e-01 5.90092182e+00 
0. 0. 0. 1. 
62 62 14
0.99826173 0.0033556 -0.0588409 3.05358028 
-0.00315826 0.99998909 0.00344618 -1.53595118 
5.88517971e-02 -3.25431527e-03 9.98261462e-01 5.72983872e+00 
0. 0. 0. 1. 
63 63 14
0.99832558 0.00325439 -0.05775324 2.9017963 
-0.00309282 0.99999106 0.00288645 -1.4498948 
5.77620939e-02 -2.70296863e-03 9.98326753e-01 5.59036857e+00 
0. 0. 0. 1. 
64 64 14
9.98310353e-01 1.70179309e-03 -5.80819879e-02 2.92507547e+00 
-1.38912687e-03 9.99984343e-01 5.42278656e-03 -1.53990205e+00 
5.80902763e-02 -5.33290759e-03 9.98297126e-01 5.61601573e+00 
0. 0. 0. 1. 
65 65 14
9.98385646e-01 7.04421171e-04 -5.67941506e-02 2.72654484e+00 
-7.04136600e-04 9.99999763e-01 2.46040123e-05 -8.11543616e-01 
5.67941177e-02 1.54574657e-05 9.98385951e-01 5.43021857e+00 
0. 0. 0. 1. 
66 66 14
9.98282614e-01 1.22286182e-03 -5.85686819e-02 2.87483164e+00 
-6.54801527e-04 9.99952587e-01 9.71678882e-03 -2.02165249e+00 
0.05857775 -0.00966172 0.99823614 5.69609929 
0. 0. 0. 1. 
67 67 14
9.97643400e-01 -1.48834560e-03 -6.85958321e-02 3.90846909e+00 
0.00244165 0.9999016 0.01381534 -2.18269257 
0.06856848 -0.01395024 0.99754891 6.75507081 
0. 0. 0. 1. 
68 68 14
9.97752879e-01 -5.53152819e-04 -6.69988962e-02 3.72274888e+00 
1.45601528e-03 9.99908803e-01 1.34273815e-02 -2.24593807e+00 
0.06698532 -0.01349473 0.99766274 6.54268434 
0. 0. 0. 1. 
69 69 14
9.97674546e-01 -6.12703333e-04 -6.81549367e-02 3.80478526e+00 
1.48270697e-03 9.99918081e-01 1.27148563e-02 -2.16786408e+00 
0.06814151 -0.01278632 0.99759377 6.69248249 
0. 0. 0. 1. 
70 70 14
9.97714324e-01 -5.68428615e-04 -6.75705914e-02 3.73900977e+00 
1.39911917e-03 9.99924050e-01 1.22465192e-02 -2.12373444e+00 
0.06755844 -0.01231305 0.99763938 6.62728157 
0. 0. 0. 1. 
71 71 14
0.99758113 -0.01236593 -0.06840297 3.8024822 
0.01294497 0.999884 0.00802791 -0.10166192 
0.0682957 -0.00889396 0.99762553 6.69897637 
0. 0. 0. 1. 
72 72 14
0.99789863 -0.01096948 -0.06385919 3.43109035 
0.01122051 0.99993068 0.00357309 0.16518176 
6.38155115e-02 -4.28210318e-03 9.97952573e-01 6.06993619e+00 
0. 0. 0. 1. 
73 73 14
0.99787029 -0.01161899 -0.0641863 3.45013559 
0.01193242 0.99991869 0.00450136 0.1745852 
6.41287097e-02 -5.25764464e-03 9.97927837e-01 6.11521151e+00 
0. 0. 0. 1. 
74 74 14
0.99806268 -0.0169131 -0.05987336 2.97931323 
0.01712715 0.99984864 0.0030631 1.06084541 
5.98124209e-02 -4.08260346e-03 9.98201339e-01 5.47968486e+00 
0. 0. 0. 1. 
75 75 14
0.99822566 -0.01411616 -0.05784695 2.76814853 
0.01444073 0.99988224 0.00519623 0.47587312 
0.05776672 -0.00602233 0.998312 5.15825537 
0. 0. 0. 1. 
76 76 14
0.99814752 -0.01278339 -0.05948212 2.88142365 
0.01304515 0.99990686 0.00401395 0.37874597 
5.94251989e-02 -4.78244192e-03 9.98221362e-01 5.37167295e+00 
0. 0. 0. 1. 
77 77 14
0.99814752 -0.01278339 -0.05948212 2.88142365 
0.01304515 0.99990686 0.00401395 0.37874597 
5.94251989e-02 -4.78244192e-03 9.98221362e-01 5.37167295e+00 
0. 0. 0. 1. 
78 78 14
0.99809184 -0.01421456 -0.06008847 2.92660533 
0.01449965 0.99988559 0.00431066 0.51566754 
6.00202473e-02 -5.17367107e-03 9.98183808e-01 5.44093406e+00 
0. 0. 0. 1. 
79 79 14
0.99797584 -0.01359129 -0.06212489 3.05799291 
0.01410805 0.99986938 0.00788649 0.18910094 
0.06200951 -0.00874697 0.99803728 5.75079945 
0. 0. 0. 1. 
80 80 14
0.997925 -0.01757479 -0.06194211 3.03268807 
0.01830131 0.99977001 0.01118087 0.62768257 
0.06173128 -0.01229127 0.99801718 5.73573896 
0. 0. 0. 1. 
81 81 14
0.99803212 -0.01412906 -0.06109231 2.96632675 
0.01493366 0.99980742 0.01273334 -0.07581611 
0.06090055 -0.01362059 0.99805095 5.55914394 
0. 0. 0. 1. 
82 82 14
0.99803212 -0.01412906 -0.06109231 2.96632675 
0.01493366 0.99980742 0.01273334 -0.07581611 
0.06090055 -0.01362059 0.99805095 5.55914394 
0. 0. 0. 1. 
83 83 14
0.99779027 -0.01538049 -0.0646377 3.13642039 
0.01645292 0.99973515 0.01609152 -0.03111905 
0.064373 -0.01711941 0.99777911 6.09400874 
0. 0. 0. 1. 
84 84 14
0.99769212 -0.01802278 -0.06546473 3.1710956 
0.01862171 0.99979005 0.00854985 0.79749747 
0.06529681 -0.00974915 0.99781831 6.26128791 
0. 0. 0. 1. 
85 85 14
0.99783523 -0.01591515 -0.06380896 3.11171927 
0.01644502 0.99983446 0.00778696 0.41282335 
0.06367439 -0.00881941 0.99793181 5.89990128 
0. 0. 0. 1. 
86 86 14
0.99786723 -0.01440015 -0.06366816 3.11097615 
0.01512404 0.9998262 0.01090215 -0.04749856 
0.06350003 -0.01184179 0.99791163 5.87338351 
0. 0. 0. 1. 
87 87 14
0.99789144 -0.01116225 -0.06393822 3.11776388 
0.01182443 0.99988022 0.00998735 -0.56728826 
0.06381901 -0.0107223 0.99790395 5.89051827 
0. 0. 0. 1. 
88 88 14
0.99787384 -0.00754011 -0.06473758 3.15356997 
0.00847888 0.99986269 0.01423826 -1.3853162 
0.06462126 -0.01475686 0.99780081 6.04630411 
0. 0. 0. 1. 
89 89 14
0.99787384 -0.00754011 -0.06473758 3.15356997 
0.00847888 0.99986269 0.01423826 -1.3853162 
0.06462126 -0.01475686 0.99780081 6.04630411 
0. 0. 0. 1. 
90 90 14
0.99761628 -0.00884479 -0.06843634 3.37262818 
0.00909108 0.99995328 0.00328776 -0.5955741 
6.84039868e-02 -3.90205396e-03 9.97650132e-01 6.72272854e+00 
0. 0. 0. 1. 
91 91 14
0.99776211 -0.01074424 -0.06599491 3.08490853 
0.01097761 0.99993472 0.00317406 -0.24959228 
6.59564227e-02 -3.89138903e-03 9.97814975e-01 6.34100353e+00 
0. 0. 0. 1. 
92 92 14
0.99786873 -0.01323131 -0.06389771 2.94655814 
0.01390315 0.99985254 0.01008065 0.0384579 
0.06375483 -0.01094751 0.99790561 5.96012657 
0. 0. 0. 1. 
93 93 14
0.99763368 -0.00973391 -0.06806088 2.97262015 
0.01021554 0.99992518 0.00673165 -0.54302741 
0.06799019 -0.00741096 0.99765853 6.7142331 
0. 0. 0. 1. 
94 94 14
0.99763368 -0.00973391 -0.06806088 2.97262015 
0.01021554 0.99992518 0.00673165 -0.54302741 
0.06799019 -0.00741096 0.99765853 6.7142331 
0. 0. 0. 1. 
95 95 14
0.99753076 -0.00843016 -0.06972307 3.01215431 
0.00903974 0.9999236 0.00843168 -0.82022268 
0.06964659 -0.0090411 0.99753083 7.04356095 
0. 0. 0. 1. 
96 96 14
0.99741191 -0.01083304 -0.07107822 3.08900899 
0.01160821 0.99987749 0.01050159 -0.40000656 
0.07095567 -0.01129947 0.99741554 7.32406904 
0. 0. 0. 1. 
97 97 14
0.99730644 -0.00675284 -0.07303596 3.19991595 
0.007476 0.99992567 0.00963242 -1.10497981 
0.07296541 -0.01015245 0.99728287 7.67025016 
0. 0. 0. 1. 
98 98 14
0.99731372 -0.01056633 -0.07248239 3.18296616 
0.01114959 0.99990861 0.00764681 -0.36024434 
0.07239488 -0.00843438 0.99734045 7.551516 
0. 0. 0. 1. 
99 99 14
0.99759195 -0.00467811 -0.06919829 3.17116589 
0.00546714 0.99992215 0.01121729 -1.46581825 
0.06914035 -0.01156856 0.99753993 6.9174283 
0. 0. 0. 1. 
100 100 14
0.99756447 -0.00713952 -0.06938412 3.19253802 
0.00778988 0.99992819 0.00910695 -1.01348119 
0.06931405 -0.00962522 0.99754852 6.93487615 
0. 0. 0. 1. 
101 101 14
0.99751153 -0.00860882 -0.06997596 3.20755215 
0.00928858 0.99991274 0.0093942 -0.78235452 
0.06988891 -0.01002076 0.99750451 7.03906848 
0. 0. 0. 1. 
102 102 14
0.99768265 -0.00811356 -0.06755378 3.14881274 
0.00881482 0.99991026 0.01008867 -0.8972204 
0.06746579 -0.01066072 0.99766469 6.60495382 
0. 0. 0. 1. 
103 103 14
0.99763196 -0.00588436 -0.06852629 3.15236122 
0.00640254 0.99995253 0.00734409 -1.28566466 
0.06847975 -0.0077654 0.99762235 6.75145455 
0. 0. 0. 1. 
104 104 14
0.99749037 -0.0060413 -0.07054419 3.14621167 
0.00651208 0.99995802 0.00644509 -1.25709678 
7.05022161e-02 -6.88825794e-03 9.97487902e-01 7.08662029e+00 
0. 0. 0. 1. 
105 105 14
0.9973916 -0.00821431 -0.07171142 3.11243103 
0.00920676 0.99986622 0.01351959 -0.90517188 
0.0715907 -0.01414452 0.99733386 7.24837546 
0. 0. 0. 1. 
106 106 14
0.9973916 -0.00821431 -0.07171142 3.11243103 
0.00920676 0.99986622 0.01351959 -0.90517188 
0.0715907 -0.01414452 0.99733386 7.24837546 
0. 0. 0. 1. 
107 107 14
0.99752181 -0.00481652 -0.07019297 3.16399924 
0.00581269 0.99988518 0.01399419 -1.44806813 
0.07011743 -0.01436748 0.99743533 7.01880109 
0. 0. 0. 1. 
108 108 14
0.99800238 -0.00428965 -0.0630307 3.27892589 
0.00530654 0.99985832 0.01597433 -1.52395693 
0.06295318 -0.01627685 0.9978838 5.8749965 
0. 0. 0. 1. 
109 109 14
9.98126334e-01 1.19335867e-03 -6.11752366e-02 3.33509290e+00 
-3.41421070e-04 9.99902849e-01 1.39343189e-02 -2.43958462e+00 
0.06118585 -0.01388728 0.99802984 5.52241707 
0. 0. 0. 1. 
110 110 14
9.98060677e-01 6.68089567e-06 -6.22487363e-02 3.33064356e+00 
7.65169071e-04 9.99923127e-01 1.23752621e-02 -2.31886934e+00 
0.06224396 -0.01239884 0.99798401 5.64470374 
0. 0. 0. 1. 
111 111 14
0.99847342 0.00401855 -0.05508812 3.5078909 
-0.00337715 0.99992548 0.01173073 -3.00334107 
0.05513107 -0.01152673 0.99841265 4.4818632 
0. 0. 0. 1. 
112 112 14
0.99837041 0.00428576 -0.05690506 3.45479495 
-0.00372436 0.99994338 0.00996754 -3.08046676 
0.05694448 -0.0097393 0.9983299 4.71321025 
0. 0. 0. 1. 
113 113 14
9.98394219e-01 1.72061266e-03 -5.66219793e-02 3.45180558e+00 
-1.14242841e-03 9.99946897e-01 1.02415778e-02 -2.64435134e+00 
0.05663651 -0.01016039 0.99834322 4.61853504 
0. 0. 0. 1. 
114 114 14
9.98432690e-01 1.09033955e-03 -5.59552682e-02 3.49906279e+00 
-5.61837073e-04 9.99955094e-01 9.45947942e-03 -2.59052767e+00 
0.05596299 -0.00941316 0.99838853 4.51048056 
0. 0. 0. 1. 
115 115 14
9.98429172e-01 6.51000005e-04 -5.60248160e-02 3.49905189e+00 
-2.24005437e-04 9.99970878e-01 7.62708388e-03 -2.60052722e+00 
0.05602807 -0.00760251 0.99840031 4.51057469 
0. 0. 0. 1. 
116 116 14
0.99836885 0.00835488 -0.0564788 3.44218512 
-0.00780287 0.99991968 0.00998683 -3.6296318 
0.05655763 -0.00952979 0.99835391 4.6274247 
0. 0. 0. 1. 
117 117 14
9.98278232e-01 -9.14333644e-04 -5.86494115e-02 3.41199016e+00 
1.45582936e-03 9.99956699e-01 9.19019666e-03 -2.30118666e+00 
0.05863841 -0.00925971 0.9982364 4.63646733 
0. 0. 0. 1. 
118 118 14
9.98196250e-01 -4.80503779e-04 -6.00335798e-02 3.33105873e+00 
9.85485323e-04 9.99964377e-01 8.38184995e-03 -2.39953810e+00 
0.06002735 -0.00842586 0.99816123 4.82295353 
0. 0. 0. 1. 
119 119 14
9.97994836e-01 -2.26468946e-03 -6.32549947e-02 3.12322669e+00 
0.00256601 0.99998574 0.00468234 -2.39378447 
6.32434245e-02 -4.83522252e-03 9.97986471e-01 5.28026937e+00 
0. 0. 0. 1. 
120 120 14
0.99796344 -0.00765327 -0.06332779 3.13901321 
0.00797646 0.99995641 0.00485176 -1.53450404 
0.06328783 -0.00534697 0.99798104 5.32834133 
0. 0. 0. 1. 
121 121 14
0.99777532 -0.00732593 -0.06626277 2.98699467 
0.00758958 0.99996424 0.00372747 -1.68373929 
6.62330250e-02 -4.22204722e-03 9.97795296e-01 5.69016894e+00 
0. 0. 0. 1. 
122 122 14
0.99781975 -0.00354673 -0.06590282 3.01447025 
0.00374622 0.99998876 0.00290329 -2.30379657 
6.58917226e-02 -3.14381090e-03 9.97821878e-01 5.63417732e+00 
0. 0. 0. 1. 
123 123 14
9.97861793e-01 -2.37903643e-03 -6.53162297e-02 3.06225117e+00 
2.51858175e-03 9.99994712e-01 2.05369323e-03 -2.57399582e+00 
6.53109322e-02 -2.21376826e-03 9.97862561e-01 5.51785730e+00 
0. 0. 0. 1. 
124 124 14
0.99797435 -0.00512517 -0.06341109 3.23098582 
5.13772507e-03 9.99986793e-01 3.44417421e-05 -2.33216878e+00 
6.34100118e-02 -3.60126734e-04 9.97987551e-01 5.25782594e+00 
0. 0. 0. 1. 
125 125 14
0.99805333 -0.00666538 -0.06200936 3.35119675 
6.58074767e-03 9.99977106e-01 -1.56944397e-03 -2.22962796e+00 
6.20183396e-02 1.15835353e-03 9.98074397e-01 5.04501682e+00 
0. 0. 0. 1. 
126 126 14
0.99849939 -0.00596787 -0.05443702 3.97517028 
6.05288129e-03 9.99980693e-01 1.39618476e-03 -2.10097919e+00 
5.44275832e-02 -1.72355876e-03 9.98516287e-01 3.76143907e+00 
0. 0. 0. 1. 
127 127 14
0.99850431 -0.00755069 -0.05414935 4.02036584 
0.00773326 0.99996508 0.00316217 -1.68878457 
5.41235341e-02 -3.57614973e-03 9.98527899e-01 3.71325239e+00 
0. 0. 0. 1. 
128 128 14
0.99860673 -0.00591976 -0.05243656 4.17197187 
0.00617394 0.99996994 0.00468609 -1.75829255 
0.05240719 -0.00500326 0.99861332 3.53141384 
0. 0. 0. 1. 
129 129 14
9.98651231e-01 -3.31753370e-03 -5.18146544e-02 4.21044774e+00 
3.43823706e-03 9.99991559e-01 2.24004004e-03 -2.32835902e+00 
5.18067442e-02 -2.41513275e-03 9.98654262e-01 3.47602593e+00 
0. 0. 0. 1. 
130 130 14
0.99856186 -0.00484655 -0.05339248 4.04118552 
0.00504742 0.99998066 0.00362752 -1.97055375 
0.05337383 -0.00389175 0.99856707 3.62665691 
0. 0. 0. 1. 
131 131 14
0.9984975 -0.00585154 -0.05448421 3.95808765 
0.00630036 0.99994757 0.00806891 -1.4281993 
0.05443411 -0.00840002 0.99848209 3.8185277 
0. 0. 0. 1. 
132 132 14
0.99848957 -0.00531126 -0.05468462 3.91855736 
0.00575999 0.99995098 0.00805076 -1.49844765 
0.05463915 -0.00835354 0.99847128 3.81693833 
0. 0. 0. 1. 
133 133 14
0.99850983 -0.00410717 -0.05441752 3.94324264 
0.0045921 0.99995081 0.00878869 -1.59863806 
0.05437872 -0.00902545 0.99847965 3.7790369 
0. 0. 0. 1. 
134 134 14
0.9985756 -0.00545044 -0.05307611 4.0415047 
0.0059246 0.99994388 0.0087796 -1.36991052 
0.05302525 -0.00908151 0.99855193 3.59208962 
0. 0. 0. 1. 
135 135 14
0.99858603 -0.0047422 -0.05294786 4.05472692 
0.00519316 0.99995136 0.00838204 -1.49991993 
0.05290551 -0.00864512 0.99856216 3.583921 
0. 0. 0. 1. 
136 136 14
9.98626985e-01 -3.79824756e-03 -5.22469721e-02 4.11036486e+00 
0.0042425 0.99995574 0.0083938 -1.60032078 
0.05221275 -0.00860389 0.99859897 3.50759872 
0. 0. 0. 1. 
137 137 14
9.98623943e-01 -2.22157788e-03 -5.23956657e-02 4.10159403e+00 
0.00259769 0.99997131 0.00711053 -1.92034904 
0.05237834 -0.00723681 0.99860115 3.50982984 
0. 0. 0. 1. 
138 138 14
9.98627677e-01 -1.85140061e-03 -5.23387716e-02 4.12260956e+00 
0.00223812 0.99997059 0.00733054 -1.94029391 
0.05232364 -0.00743758 0.99860254 3.51107452 
0. 0. 0. 1. 
139 139 14
9.98602686e-01 -1.69782951e-03 -5.28186771e-02 4.08954979e+00 
0.00210565 0.99996836 0.00766595 -1.93292876 
0.05280397 -0.00776641 0.99857475 3.5683703 
0. 0. 0. 1. 
140 140 14
9.98284531e-01 -2.37369054e-03 -5.85011007e-02 3.51852211e+00 
0.00270937 0.99998028 0.00565887 -2.02795483 
0.0584865 -0.00580763 0.99827136 4.33402918 
0. 0. 0. 1. 
141 141 14
9.98414102e-01 -3.50536185e-03 -5.61872650e-02 3.67255566e+00 
0.00388443 0.99997038 0.00663801 -1.79580877 
0.05616232 -0.0068457 0.99839824 3.95106459 
0. 0. 0. 1. 
142 142 14
9.98177809e-01 -2.46594646e-03 -6.02909761e-02 3.27000160e+00 
0.00320005 0.99992185 0.0120818 -1.37951443 
0.06025646 -0.01225268 0.99810778 4.49054702 
0. 0. 0. 1. 
143 143 14
9.98395436e-01 -1.76098850e-03 -5.65991919e-02 3.61789786e+00 
0.00238571 0.99993692 0.01097113 -1.59489016 
0.05657629 -0.01108851 0.99833675 3.983164 
0. 0. 0. 1. 
144 144 14
0.99850413 0.00569766 -0.05437886 3.77476924 
-0.00513697 0.99993221 0.01044424 -2.75955595 
0.05443468 -0.01014922 0.99846581 3.54409011 
0. 0. 0. 1. 
145 145 14
0.99841977 0.00594505 -0.05588068 3.6352195 
-0.00537815 0.99993255 0.01028921 -2.79705769 
0.05593808 -0.00997237 0.99838449 3.71215108 
0. 0. 0. 1. 
146 146 14
0.99843222 0.00644346 -0.05560239 3.64282728 
-0.0058626 0.99992654 0.01060285 -2.82759702 
0.05566663 -0.01026022 0.99839675 3.66281072 
0. 0. 0. 1. 
147 147 14
9.98424431e-01 1.49593317e-03 -5.60933026e-02 3.59815655e+00 
-4.67605589e-04 9.99831626e-01 1.83405655e-02 -1.33858617e+00 
0.0561113 -0.01828541 0.99825712 3.72263513 
0. 0. 0. 1. 
148 148 14
9.98204619e-01 -5.37325017e-04 -5.98940377e-02 3.30129297e+00 
0.001604 0.99984089 0.01776219 -1.0854591 
0.05987497 -0.01782634 0.99804675 4.1951642 
0. 0. 0. 1. 
149 149 14
9.98093928e-01 1.80646705e-03 -6.16869967e-02 3.25559652e+00 
-2.77794325e-04 9.99692828e-01 2.47800357e-02 -7.49941715e-01 
0.06171282 -0.02471564 0.99778794 4.44695959 
0. 0. 0. 1. 
150 150 14
9.98148519e-01 8.74701966e-04 -6.08177955e-02 3.32783607e+00 
5.71735972e-04 9.99717442e-01 2.37609740e-02 -6.94694345e-01 
0.0608214 -0.02375173 0.99786608 4.29972108 
0. 0. 0. 1. 
151 151 14
9.98218574e-01 -1.18524547e-03 -5.96515628e-02 3.51847704e+00 
0.00250289 0.99975437 0.02201836 -0.61370238 
0.05961083 -0.02212841 0.99797645 4.17913366 
0. 0. 0. 1. 
152 152 14
9.98178251e-01 -1.26525659e-03 -6.03208941e-02 3.46330018e+00 
0.00260031 0.99975324 0.02205839 -0.59789335 
0.06027812 -0.02217502 0.99793533 4.26366525 
0. 0. 0. 1. 
153 153 14
9.98137836e-01 -1.45203382e-03 -6.09818899e-02 3.41002595e+00 
0.00277696 0.99976176 0.02164679 -0.60678562 
0.06093594 -0.02177579 0.99790417 4.31675748 
0. 0. 0. 1. 
154 154 14
9.98026244e-01 -2.65925646e-03 -6.27421316e-02 3.25919088e+00 
0.00365903 0.99986803 0.01582456 -0.98294933 
0.06269178 -0.01602287 0.99790436 4.50710094 
0. 0. 0. 1. 
155 155 14
9.98109171e-01 -2.69632970e-03 -6.14072155e-02 3.36097302e+00 
0.00372391 0.9998548 0.01662499 -0.91367195 
0.06135348 -0.01682221 0.99797439 4.38212878 
0. 0. 0. 1. 
156 156 14
0.99809938 -0.00711988 -0.0612124 3.29639281 
0.00730838 0.99996916 0.00285567 -1.96444516 
6.11901879e-02 -3.29757870e-03 9.98120731e-01 4.35557838e+00 
0. 0. 0. 1. 
157 157 14
0.99819058 -0.0067404 -0.05975074 3.42934629 
6.60616436e-03 9.99975136e-01 -2.44435061e-03 -2.49404458e+00 
5.97657386e-02 2.04523424e-03 9.98210386e-01 4.19492720e+00 
0. 0. 0. 1. 
158 158 14
0.99822935 -0.00586802 -0.05919254 3.48225983 
5.80991653e-03 9.99982397e-01 -1.15404893e-03 -2.43661131e+00 
5.91982729e-02 8.08123707e-04 9.98245966e-01 4.15816342e+00 
0. 0. 0. 1. 
159 159 14
0.99828898 -0.00904837 -0.05776913 3.75389751 
0.00865418 0.9999375 -0.00707048 -2.67492905 
0.05782949 0.00655846 0.99830498 4.04376664 
0. 0. 0. 1. 
160 160 14
0.99827375 -0.01047022 -0.05779208 3.72372887 
0.01011612 0.99992819 -0.00641677 -2.52305677 
0.0578551 0.00582108 0.99830807 4.02306254 
0. 0. 0. 1. 
161 161 14
0.99822843 -0.00931789 -0.05876399 3.62143408 
0.00896293 0.99993992 -0.00630165 -2.6144405 
0.05881917 0.00576379 0.99825206 4.07565331 
0. 0. 0. 1. 
162 162 14
9.98445196e-01 -3.39216143e-03 -5.56390630e-02 3.85201948e+00 
0.00310282 0.99998116 -0.00528633 -2.93139608 
0.05565593 0.00510548 0.998437 3.91692862 
0. 0. 0. 1. 
163 163 14
9.98392240e-01 -3.53881801e-03 -5.65723496e-02 3.79672807e+00 
0.00326173 0.99998217 -0.00498997 -2.89104891 
0.05658899 0.00479744 0.99838608 4.00820823 
0. 0. 0. 1. 
164 164 14
0.99824857 -0.00377427 -0.05903868 3.58789071 
3.79523425e-03 9.99992713e-01 2.42586130e-04 -2.47838727e+00 
5.90373251e-02 -4.66215775e-04 9.98255712e-01 4.13465707e+00 
0. 0. 0. 1. 
165 165 14
9.98348284e-01 -3.17404495e-03 -5.73641903e-02 3.69184097e+00 
3.29455377e-03 9.99992504e-01 2.00588340e-03 -2.36801931e+00 
5.73573831e-02 -2.19154910e-03 9.98351351e-01 4.08067322e+00 
0. 0. 0. 1. 
166 166 14
9.98327674e-01 -2.25725503e-03 -5.77648957e-02 3.69608528e+00 
0.00255644 0.99998364 0.0051055 -2.13592778 
0.05775241 -0.00524462 0.99831721 4.11550858 
0. 0. 0. 1. 
167 167 14
0.99830384 -0.0080358 -0.05766196 3.85410012 
7.93439139e-03 9.99966494e-01 -1.98800397e-03 -2.44557240e+00 
5.76759902e-02 1.52713257e-03 9.98334242e-01 4.11621837e+00 
0. 0. 0. 1. 
168 168 14
0.99820002 -0.01216545 -0.05872604 3.84265015 
0.01104673 0.99975193 -0.01933774 -3.55570781 
0.05894671 0.01865421 0.99808688 4.12035807 
0. 0. 0. 1. 
169 169 14
0.99826424 -0.01228546 -0.05759862 3.95379431 
0.01119908 0.99975391 -0.01914682 -3.53429321 
0.05781966 0.01846855 0.99815625 4.11729337 
0. 0. 0. 1. 
170 170 14
0.99822469 -0.01175087 -0.05839017 3.90332825 
0.01068685 0.99977165 -0.01850225 -3.48986424 
0.05859423 0.01784541 0.99812242 4.11523347 
0. 0. 0. 1. 
171 171 14
0.99818501 -0.01155111 -0.05910408 3.83325348 
0.01047993 0.99977569 -0.01840235 -3.48365092 
0.05930337 0.01774956 0.99808225 4.11325304 
0. 0. 0. 1. 
172 172 14
0.99815286 -0.01144006 -0.05966597 3.80330254 
0.01034269 0.99977217 -0.01866911 -3.50403444 
0.05986593 0.01801754 0.99804387 4.11511127 
0. 0. 0. 1. 
173 173 14
0.99821248 -0.01223903 -0.05849854 3.8671861 
0.01119952 0.99977404 -0.01806536 -3.45119767 
0.0587064 0.01737794 0.99812408 4.10989917 
0. 0. 0. 1. 
174 174 14
0.99821116 -0.01223434 -0.05852216 3.86789182 
0.01119167 0.99977328 -0.01811198 -3.45127679 
0.05873045 0.01742464 0.99812185 4.11494849 
0. 0. 0. 1. 
175 175 14
0.9982359 -0.01246373 -0.05804982 3.91609987 
0.01145945 0.99977936 -0.01760186 -3.40277551 
0.05825637 0.0169056 0.99815856 4.12065891 
0. 0. 0. 1. 
176 176 14
0.99830559 -0.00836029 -0.05758537 3.9391655 
0.00745069 0.9998443 -0.01599286 -3.2969762 
0.05771008 0.01553673 0.99821255 4.15091585 
0. 0. 0. 1. 
177 177 14
0.99827192 -0.00853711 -0.05814051 3.89859429 
0.00759954 0.99983776 -0.01632839 -3.31749501 
0.05827044 0.01585835 0.99817493 4.16227169 
0. 0. 0. 1. 
178 178 14
0.99817668 -0.01019999 -0.0594919 3.80384643 
0.00948276 0.99987902 -0.01232646 -2.98280498 
0.05961039 0.01173985 0.99815275 4.19729188 
0. 0. 0. 1. 
179 179 14
0.99807009 -0.01058289 -0.0611892 3.6752427 
0.00985305 0.99987678 -0.01221752 -2.98079157 
0.06131091 0.01159106 0.99805148 4.16961469 
0. 0. 0. 1. 
180 180 14
0.99812852 -0.01290584 -0.05977391 3.80691387 
0.0121975 0.99985113 -0.01220067 -2.97249183 
0.05992244 0.01144876 0.99813744 4.17778887 
0. 0. 0. 1. 
181 181 14
0.99807621 -0.00901739 -0.06133997 3.72151886 
0.00847385 0.99992251 -0.00911611 -2.81319924 
0.06141738 0.00857881 0.99807536 4.2327303 
0. 0. 0. 1. 
182 182 14
0.99808933 -0.0094011 -0.06106819 3.72587519 
0.00916209 0.9999492 -0.0041931 -2.43633451 
6.11044703e-02 3.62559812e-03 9.98124846e-01 4.25647877e+00 
0. 0. 0. 1. 
183 183 14
9.98415935e-01 1.02869360e-03 -5.62545077e-02 3.96822250e+00 
-1.23231529e-03 9.99992779e-01 -3.58552021e-03 -2.44436448e+00 
5.62503778e-02 3.64918349e-03 9.98410081e-01 4.34140406e+00 
0. 0. 0. 1. 
184 184 14
9.98264233e-01 3.08886793e-03 -5.88131474e-02 3.80642219e+00 
-2.97525492e-03 9.99993502e-01 2.01871392e-03 -2.08932405e+00 
5.88189686e-02 -1.84019821e-03 9.98267023e-01 4.37663109e+00 
0. 0. 0. 1. 
185 185 14
9.98225090e-01 2.03726248e-03 -5.95190752e-02 3.76332473e+00 
-1.84608698e-03 9.99992928e-01 3.26638936e-03 -2.04809226e+00 
5.95252811e-02 -3.15068643e-03 9.98221879e-01 4.43010584e+00 
0. 0. 0. 1. 
186 186 14
9.98355901e-01 9.93359628e-04 -5.73107058e-02 3.84730854e+00 
-8.79628427e-04 9.99997561e-01 2.00932918e-03 -2.11794434e+00 
5.73125353e-02 -1.95558850e-03 9.98354420e-01 4.53151296e+00 
0. 0. 0. 1. 
187 187 14
9.98345355e-01 1.47877697e-04 -5.75025078e-02 3.84693320e+00 
-5.46403370e-06 9.99996900e-01 2.47646719e-03 -2.09193034e+00 
5.75026773e-02 -2.47203222e-03 9.98342339e-01 4.53845060e+00 
0. 0. 0. 1. 
188 188 14
9.98621492e-01 -3.29507334e-03 -5.23856362e-02 4.09687838e+00 
0.00425124 0.99982618 0.01815113 -1.46051519 
0.05231671 -0.0183488 0.998462 4.7205613 
0. 0. 0. 1. 
189 189 14
0.99863422 -0.00450962 -0.05205146 4.10086957 
0.00546612 0.99981852 0.0182479 -1.45949836 
0.0519597 -0.01850748 0.99847772 4.72075222 
0. 0. 0. 1. 
190 190 14
9.98180377e-01 -4.34614019e-04 -6.02972089e-02 3.76649454e+00 
0.00168302 0.99978522 0.02065459 -1.37076726 
0.06027526 -0.02071846 0.9979668 4.78682896 
0. 0. 0. 1. 
191 191 14
0.99815978 -0.00814302 -0.06008963 3.77864252 
0.00924892 0.99979248 0.01814875 -1.52971623 
0.05992937 -0.01867108 0.99802804 4.83895044 
0. 0. 0. 1. 
192 192 14
0.99774804 -0.01535283 -0.06529277 3.68444827 
0.01723943 0.99944708 0.02842962 -1.2749119 
0.06482019 -0.02949117 0.99746113 4.86672074 
0. 0. 0. 1. 
193 193 14
0.99788883 -0.01423544 -0.06336591 3.69466697 
0.01679828 0.99905451 0.04009744 -1.01581839 
0.06273518 -0.04107719 0.99718457 4.99534861 
0. 0. 0. 1. 
194 194 14
0.99752562 -0.01884013 -0.0677326 3.54555219 
0.02141296 0.99906858 0.03746167 -1.09790161 
0.06696372 -0.0388193 0.99700002 4.99819917 
0. 0. 0. 1. 
195 195 14
0.99766272 -0.0083365 -0.06782045 3.53083317 
0.01150779 0.99885176 0.04650438 -1.1490797 
0.06735488 -0.04717612 0.99661319 5.23382633 
0. 0. 0. 1. 
196 196 14
0.99816168 -0.00599236 -0.06031071 3.66070681 
0.00813159 0.9993441 0.03528716 -1.3322275 
0.06005969 -0.03571269 0.99755579 5.36058089 
0. 0. 0. 1. 
197 197 14
0.99815647 -0.00862121 -0.06007803 3.6915066 
0.01070964 0.99934635 0.03452691 -1.3699487 
0.05974109 -0.03510664 0.99759642 5.41991455 
0. 0. 0. 1. 
198 198 14
0.99812709 -0.0169947 -0.05876687 3.71310341 
0.01914192 0.99916228 0.03616994 -1.37418944 
0.05810293 -0.03722709 0.99761631 5.57874023 
0. 0. 0. 1. 
199 199 14
0.99812066 -0.01803438 -0.05856584 3.71063247 
0.02013928 0.99916487 0.0355514 -1.37076821 
0.05787578 -0.03666404 0.99765036 5.67169286 
0. 0. 0. 1. 
200 200 14
0.99800354 -0.01911572 -0.06019614 3.66846821 
0.02128181 0.99914122 0.03555057 -1.34056785 
0.05946487 -0.03676065 0.99755336 5.69720977 
0. 0. 0. 1. 
201 201 14
0.99683236 -0.03010558 -0.07361363 3.54303464 
0.03171393 0.99928095 0.02077788 -1.43855641 
0.07293517 -0.02304661 0.99707042 5.81944177 
0. 0. 0. 1. 
202 202 14
0.99693317 -0.02760676 -0.0732269 3.5344881 
0.02910277 0.9993873 0.01944184 -1.47546237 
0.07264531 -0.02151329 0.99712584 5.96600885 
0. 0. 0. 1. 
203 203 14
0.99706861 -0.02244368 -0.07314736 3.53941671 
0.02362314 0.99960382 0.01529918 -1.53453164 
0.07277501 -0.01698228 0.99720384 6.00462918 
0. 0. 0. 1. 
204 204 14
0.99669792 -0.02587924 -0.07696481 3.52704444 
0.02700915 0.99954159 0.0136761 -1.48249684 
0.0765756 -0.01570968 0.99694006 6.19847012 
0. 0. 0. 1. 
205 205 14
0.99663954 -0.02298305 -0.07862228 3.51646465 
0.02383225 0.99966712 0.00987959 -1.5502629 
0.07836903 -0.01172011 0.99685557 6.36007715 
0. 0. 0. 1. 
206 206 14
0.99668532 -0.02457729 -0.0775524 3.52694992 
0.02520735 0.9996566 0.00715541 -1.5599085 
0.0773499 -0.00908655 0.99696265 6.37002811 
0. 0. 0. 1. 
207 207 14
0.99674653 -0.02443023 -0.07680865 3.53470224 
0.02504658 0.99966124 0.00707103 -1.55980361 
0.07660987 -0.00897178 0.99702083 6.36059993 
0. 0. 0. 1. 
208 208 14
0.99683469 -0.03008863 -0.07358893 3.57000761 
0.03067869 0.99950544 0.00690058 -1.53226906 
0.07334489 -0.00913631 0.99726484 6.32300498 
0. 0. 0. 1. 
209 209 14
0.99713276 -0.01448174 -0.0742738 3.53366803 
0.01561946 0.99976903 0.01475973 -1.46082479 
0.07404288 -0.01587749 0.9971287 6.37798818 
0. 0. 0. 1. 
210 210 14
0.99694964 -0.01271076 -0.07700595 3.58227866 
0.01398394 0.9997739 0.01601641 -1.49945809 
0.07678494 -0.01704437 0.99690203 6.42029036 
0. 0. 0. 1. 
211 211 14
0.99701422 -0.0121416 -0.07625803 3.58235302 
0.01354325 0.9997482 0.0178897 -1.48728666 
0.07602161 -0.01886903 0.99692767 6.43013163 
0. 0. 0. 1. 
212 212 14
0.99680075 -0.01232579 -0.07897091 3.59576527 
0.01377759 0.99974543 0.01786525 -1.48597207 
0.07873059 -0.0188961 0.99671688 6.43815556 
0. 0. 0. 1. 
213 213 14
0.9969843 -0.01243073 -0.07660181 3.54750465 
0.01388168 0.9997336 0.01843768 -1.48701826 
0.0763522 -0.01944541 0.99689132 6.41428469 
0. 0. 0. 1. 
214 214 14
0.99698869 -0.01267632 -0.07650432 3.54750465 
0.01416351 0.99972049 0.01892761 -1.48701826 
0.07624301 -0.01995415 0.99688963 6.41428469 
0. 0. 0. 1. 
