0	1	22
0.99998988 -0.00160668 -0.00420211 0.02740515
0.00160471 0.99999860 -0.00047375 0.00869563
0.00420286 0.00046700 0.99999106 0.09687200
0.00000000 0.00000000 0.00000000 1.00000000
1	2	22
0.99993430 0.00438492 -0.01059120 -0.05005520
-0.00439300 0.99999008 -0.00073969 -0.03023539
0.01058785 0.00078617 0.99994364 0.19965805
0.00000000 0.00000000 0.00000000 1.00000000
2	3	22
0.99998075 -0.00612877 -0.00097345 -0.00968919
0.00612749 0.99998037 -0.00131184 0.00458222
0.00098147 0.00130585 0.99999867 0.04971990
0.00000000 0.00000000 0.00000000 1.00000000
3	4	22
1.00000000 0.00000000 -0.00000000 0.00000000
-0.00000000 1.00000000 0.00000000 -0.00000000
-0.00000000 -0.00000000 1.00000000 -0.00000000
0.00000000 0.00000000 0.00000000 1.00000000
4	5	22
0.99999142 -0.00323169 -0.00259176 -0.00569096
0.00323655 0.99999301 0.00187122 0.04664571
0.00258570 -0.00187959 0.99999489 0.02645679
0.00000000 0.00000000 0.00000000 1.00000000
5	6	22
0.99999916 0.00122233 -0.00044105 -0.02828959
-0.00122133 0.99999668 0.00226717 0.01831127
0.00044382 -0.00226663 0.99999733 -0.00272500
0.00000000 0.00000000 0.00000000 1.00000000
6	7	22
0.99997358 -0.00557493 -0.00466421 -0.09146750
0.00560109 0.99996856 0.00561344 -0.02911828
0.00463277 -0.00563941 0.99997337 0.02225482
0.00000000 0.00000000 0.00000000 1.00000000
7	8	22
0.99999378 0.00301010 -0.00184063 0.01665024
-0.00302421 0.99996569 -0.00771163 0.04826054
0.00181736 0.00771715 0.99996857 0.01540256
0.00000000 0.00000000 0.00000000 1.00000000
8	9	22
0.99999836 -0.00180370 0.00018828 -0.01333564
0.00180519 0.99996430 -0.00825459 0.13901438
-0.00017338 0.00825492 0.99996591 0.01182392
0.00000000 0.00000000 0.00000000 1.00000000
9	10	22
0.99999348 -0.00010566 0.00360877 -0.03135844
0.00011056 0.99999907 -0.00135573 0.00470529
-0.00360863 0.00135612 0.99999257 -0.06134100
0.00000000 0.00000000 0.00000000 1.00000000
10	11	22
0.99994971 -0.00834975 0.00555499 -0.37067298
0.00842654 0.99986723 -0.01394661 0.26599045
-0.00543781 0.01399272 0.99988731 -0.22449987
0.00000000 0.00000000 0.00000000 1.00000000
11	12	22
0.99999622 0.00265279 0.00072497 -0.04286473
-0.00265015 0.99998992 -0.00362444 -0.04979752
-0.00073458 0.00362250 0.99999317 -0.02384963
0.00000000 0.00000000 0.00000000 1.00000000
12	13	22
0.99999406 0.00250605 -0.00236757 -0.01945407
-0.00248307 0.99995024 0.00966189 -0.21524248
0.00239166 -0.00965595 0.99995052 0.11982606
0.00000000 0.00000000 0.00000000 1.00000000
13	14	22
0.99997765 0.00594035 -0.00306878 -0.02459898
-0.00592732 0.99997346 0.00423658 -0.22333225
0.00309386 -0.00421829 0.99998632 0.09998412
0.00000000 0.00000000 0.00000000 1.00000000
14	15	22
0.99999471 -0.00016641 -0.00324868 -0.02972648
0.00017408 0.99999720 0.00236116 0.00542372
0.00324828 -0.00236171 0.99999194 0.08421036
0.00000000 0.00000000 0.00000000 1.00000000
15	16	22
0.99999746 -0.00217356 -0.00060142 -0.12112251
0.00217151 0.99999189 -0.00339280 0.06194242
0.00060879 0.00339148 0.99999406 0.00070281
0.00000000 0.00000000 0.00000000 1.00000000
16	17	22
0.99998011 0.00374560 0.00507533 -0.06533871
-0.00375312 0.99999187 0.00147266 -0.17689540
-0.00506977 -0.00149167 0.99998604 -0.21012781
0.00000000 0.00000000 0.00000000 1.00000000
18	19	22
0.99998976 -0.00121485 -0.00436004 -0.02133565
0.00120859 0.99999824 -0.00143712 0.05704151
0.00436177 0.00143183 0.99998946 0.22972742
0.00000000 0.00000000 0.00000000 1.00000000
19	20	22
1.00000000 0.00000000 -0.00000000 0.00000000
0.00000000 1.00000000 0.00000000 -0.00000000
-0.00000000 0.00000000 1.00000000 0.00000000
0.00000000 0.00000000 0.00000000 1.00000000
20	21	22
0.99999905 -0.00130559 0.00044498 0.00638057
0.00130751 0.99998972 -0.00434258 0.10192926
-0.00043931 0.00434316 0.99999047 -0.03944771
0.00000000 0.00000000 0.00000000 1.00000000
21	22	22
0.99999906 0.00136383 -0.00014432 -0.00708120
-0.00136341 0.99999480 0.00292209 -0.12368501
0.00014831 -0.00292189 0.99999572 0.02046895
0.00000000 0.00000000 0.00000000 1.00000000
22	23	22
0.99999390 0.00316679 -0.00147430 0.00061448
-0.00316671 0.99999498 0.00005655 -0.24340112
0.00147447 -0.00005188 0.99999891 0.06782391
0.00000000 0.00000000 0.00000000 1.00000000
23	24	22
0.99999134 -0.00409209 0.00076090 -0.01966427
0.00409260 0.99999140 -0.00067096 0.26610054
-0.00075814 0.00067407 0.99999949 -0.05782708
0.00000000 0.00000000 0.00000000 1.00000000
24	25	22
0.99999812 0.00190244 0.00036160 -0.03574883
-0.00190159 0.99999545 -0.00234304 -0.15015818
-0.00036605 0.00234235 0.99999719 -0.03235927
0.00000000 0.00000000 0.00000000 1.00000000
25	26	22
0.99999977 -0.00017888 0.00064790 -0.00225284
0.00017907 0.99999994 -0.00030629 0.01023127
-0.00064785 0.00030641 0.99999974 -0.02081818
0.00000000 0.00000000 0.00000000 1.00000000
26	27	22
0.99999686 -0.00085807 0.00235356 -0.02849188
0.00085206 0.99999638 0.00255402 0.07454546
-0.00235574 -0.00255201 0.99999397 -0.15356162
0.00000000 0.00000000 0.00000000 1.00000000
27	28	22
0.99999441 0.00096278 0.00320217 -0.03513662
-0.00096494 0.99999931 0.00067250 -0.07632087
-0.00320152 -0.00067559 0.99999465 -0.23772877
0.00000000 0.00000000 0.00000000 1.00000000
28	29	22
0.99992750 0.01197901 0.00122035 -0.04631480
-0.01197067 0.99990643 -0.00662100 -0.89871891
-0.00129955 0.00660591 0.99997734 -0.18230603
0.00000000 0.00000000 0.00000000 1.00000000
29	30	22
0.99997921 -0.00343825 0.00545485 -0.04921424
0.00342014 0.99998862 0.00332583 0.24742840
-0.00546622 -0.00330710 0.99997959 -0.40898646
0.00000000 0.00000000 0.00000000 1.00000000
30	31	22
0.99989521 -0.00931037 0.01108509 -0.20723465
0.00921909 0.99992341 0.00825756 0.51868884
-0.01116112 -0.00815450 0.99990446 -0.69592108
0.00000000 0.00000000 0.00000000 1.00000000
31	32	22
0.99999838 -0.00174598 -0.00043747 0.04056258
0.00174679 0.99999676 0.00185283 0.11058388
0.00043424 -0.00185359 0.99999819 0.06212210
0.00000000 0.00000000 0.00000000 1.00000000
32	33	22
0.99998737 0.00408914 0.00292113 -0.11804307
-0.00408830 0.99999160 -0.00029166 -0.34377694
-0.00292230 0.00027972 0.99999569 -0.11168503
0.00000000 0.00000000 0.00000000 1.00000000
33	34	22
0.99999201 -0.00339686 0.00210661 -0.07261806
0.00339502 0.99999385 0.00087877 0.25514587
-0.00210958 -0.00087161 0.99999739 -0.05233534
0.00000000 0.00000000 0.00000000 1.00000000
34	35	22
0.99998032 0.00555274 0.00291836 -0.12135089
-0.00557137 0.99996390 0.00641562 -0.52777831
-0.00288263 -0.00643176 0.99997516 -0.03702284
0.00000000 0.00000000 0.00000000 1.00000000
35	36	22
0.99999651 0.00211375 0.00158459 -0.03485847
-0.00211155 0.99999681 -0.00138933 -0.11546665
-0.00158752 0.00138598 0.99999778 -0.08644979
0.00000000 0.00000000 0.00000000 1.00000000
36	37	22
0.99999930 -0.00000793 -0.00117955 0.07104746
0.00000408 0.99999468 -0.00326339 0.15302793
0.00117957 0.00326338 0.99999398 0.11860684
0.00000000 0.00000000 0.00000000 1.00000000
37	38	22
0.99999867 0.00017350 -0.00162459 0.07871029
-0.00017458 0.99999976 -0.00066684 0.00952777
0.00162447 0.00066713 0.99999846 0.24913198
0.00000000 0.00000000 0.00000000 1.00000000
38	39	22
0.99998585 0.00056964 -0.00528852 0.22446812
-0.00056156 0.99999867 0.00153020 -0.12728927
0.00528938 -0.00152721 0.99998484 0.54737726
0.00000000 0.00000000 0.00000000 1.00000000
39	40	22
0.99998243 -0.00539582 -0.00245410 0.09064912
0.00539164 0.99998401 -0.00170600 0.53831929
0.00246327 0.00169274 0.99999553 0.32618491
0.00000000 0.00000000 0.00000000 1.00000000
40	41	22
0.99996914 -0.00582853 -0.00526725 0.34402411
0.00583629 0.99998190 0.00146021 0.43372803
0.00525865 -0.00149091 0.99998506 0.50771618
0.00000000 0.00000000 0.00000000 1.00000000
41	42	22
0.99999973 -0.00029031 -0.00067787 0.03783915
0.00028982 0.99999970 -0.00072393 0.06276609
0.00067808 0.00072374 0.99999951 0.07298683
0.00000000 0.00000000 0.00000000 1.00000000
42	43	22
0.99999820 0.00039447 -0.00185817 0.12427806
-0.00039615 0.99999951 -0.00090283 0.03459952
0.00185781 0.00090356 0.99999787 0.10573357
0.00000000 0.00000000 0.00000000 1.00000000
43	44	22
0.99999503 0.00032820 -0.00313605 0.20599754
-0.00032134 0.99999756 0.00218500 -0.17283943
0.00313676 -0.00218398 0.99999270 0.27240364
0.00000000 0.00000000 0.00000000 1.00000000
44	45	22
0.99999933 -0.00115437 -0.00004066 0.00033313
0.00115447 0.99999586 0.00263532 -0.09434866
0.00003762 -0.00263537 0.99999653 0.00930360
0.00000000 0.00000000 0.00000000 1.00000000
45	46	22
0.99993556 -0.01134343 0.00045295 -0.05386402
0.01134141 0.99992666 0.00424714 0.68982377
-0.00050110 -0.00424173 0.99999088 -0.02129572
0.00000000 0.00000000 0.00000000 1.00000000
46	47	22
0.99998982 -0.00393488 -0.00220681 0.20476426
0.00392677 0.99998555 -0.00367133 0.68081749
0.00222123 0.00366262 0.99999083 0.16617101
0.00000000 0.00000000 0.00000000 1.00000000
47	48	22
0.99998552 0.00462120 -0.00275703 0.22818400
-0.00463277 0.99998044 -0.00420221 -0.01967277
0.00273756 0.00421492 0.99998737 0.38272912
0.00000000 0.00000000 0.00000000 1.00000000
48	49	22
0.99893738 0.03124791 -0.03387738 2.72413036
-0.03099797 0.99948840 0.00787818 -3.15610275
0.03410622 -0.00681968 0.99939495 3.63382700
0.00000000 0.00000000 0.00000000 1.00000000
49	50	22
0.99994238 0.01073355 0.00017118 -0.03141388
-0.01073204 0.99991672 -0.00716752 -0.23081063
-0.00024810 0.00716527 0.99997430 0.00520888
0.00000000 0.00000000 0.00000000 1.00000000
50	51	22
0.99999992 0.00036774 -0.00013603 0.03038529
-0.00036785 0.99999962 -0.00078816 0.05957610
0.00013574 0.00078821 0.99999968 0.02124965
0.00000000 0.00000000 0.00000000 1.00000000
51	52	22
0.99999948 0.00051945 -0.00087198 0.07405042
-0.00051920 0.99999982 0.00028674 -0.07917612
0.00087212 -0.00028628 0.99999958 0.11952353
0.00000000 0.00000000 0.00000000 1.00000000
52	53	22
0.99999377 -0.00328161 -0.00130304 0.08376477
0.00327276 0.99997198 -0.00673198 1.01282420
0.00132509 0.00672767 0.99997649 0.16901354
0.00000000 0.00000000 0.00000000 1.00000000
53	54	22
0.99999319 -0.00368579 0.00018472 -0.07102681
0.00368522 0.99998873 0.00299324 0.02842285
-0.00019575 -0.00299254 0.99999550 0.07233259
0.00000000 0.00000000 0.00000000 1.00000000
54	55	22
0.99999963 0.00036858 0.00077095 -0.08941360
-0.00036892 0.99999984 0.00043829 -0.08505806
-0.00077079 -0.00043857 0.99999961 -0.06565873
0.00000000 0.00000000 0.00000000 1.00000000
55	56	22
0.99998817 0.00484007 0.00049060 -0.03193583
-0.00484205 0.99997984 0.00410835 -0.90074769
-0.00047071 -0.00411067 0.99999144 -0.01154101
0.00000000 0.00000000 0.00000000 1.00000000
56	57	22
0.99999906 -0.00008480 -0.00136567 0.13627271
0.00008248 0.99999856 -0.00169752 0.21442248
0.00136581 0.00169741 0.99999763 0.15343208
0.00000000 0.00000000 0.00000000 1.00000000
57	58	22
0.99990346 -0.01361257 -0.00278731 0.26904795
0.01364896 0.99981598 0.01347997 -0.07825778
0.00260330 -0.01351672 0.99990526 0.27438363
0.00000000 0.00000000 0.00000000 1.00000000
58	59	22
0.99999921 -0.00080279 0.00097023 -0.11194831
0.00080136 0.99999860 0.00147101 -0.07532678
-0.00097141 -0.00147023 0.99999845 -0.11272818
0.00000000 0.00000000 0.00000000 1.00000000
59	60	22
0.99999773 0.00201286 0.00070156 -0.08387072
-0.00201304 0.99999794 0.00025784 -0.23768740
-0.00070104 -0.00025925 0.99999972 -0.06851947
0.00000000 0.00000000 0.00000000 1.00000000
60	61	22
0.99999943 -0.00092961 -0.00051929 0.04073573
0.00092907 0.99999902 -0.00104555 0.23896468
0.00052026 0.00104507 0.99999932 0.08686463
0.00000000 0.00000000 0.00000000 1.00000000
61	62	22
0.99999672 -0.00173669 -0.00188058 0.19948972
0.00173437 0.99999773 -0.00123542 0.36688866
0.00188272 0.00123216 0.99999747 0.21107363
0.00000000 0.00000000 0.00000000 1.00000000
62	63	22
0.99999844 0.00104397 0.00142609 -0.19517175
-0.00104324 0.99999933 -0.00051102 -0.02724113
-0.00142662 0.00050953 0.99999885 -0.16355924
0.00000000 0.00000000 0.00000000 1.00000000
63	64	22
0.99999940 -0.00006859 0.00109138 -0.16390270
0.00006920 0.99999984 -0.00055628 0.08654666
-0.00109134 0.00055635 0.99999925 -0.13088770
0.00000000 0.00000000 0.00000000 1.00000000
64	65	22
0.99999849 -0.00170189 -0.00033775 0.02565288
0.00170274 0.99999534 0.00253532 -0.09861954
0.00033343 -0.00253589 0.99999673 0.02404608
0.00000000 0.00000000 0.00000000 1.00000000
65	66	22
0.99999892 -0.00068502 0.00129832 -0.21318603
0.00069202 0.99998520 -0.00539638 0.72964521
-0.00129461 0.00539727 0.99998460 -0.17664412
0.00000000 0.00000000 0.00000000 1.00000000
66	67	22
0.99999840 -0.00003197 -0.00178700 0.16468769
0.00004929 0.99995304 0.00969093 -1.21518962
0.00178661 -0.00969100 0.99995145 0.25704692
0.00000000 0.00000000 0.00000000 1.00000000
67	68	22
0.99994509 -0.00295773 -0.01005287 1.09483149
0.00299900 0.99998713 0.00409274 -0.17404713
0.01004063 -0.00412266 0.99994109 0.99506912
0.00000000 0.00000000 0.00000000 1.00000000
68	69	22
0.99999826 0.00096424 0.00160003 -0.20831484
-0.00096362 0.99999946 -0.00039189 -0.06995499
-0.00160041 0.00039034 0.99999864 -0.20140868
0.00000000 0.00000000 0.00000000 1.00000000
69	70	22
0.99999933 -0.00001195 -0.00115910 0.09222308
0.00001113 0.99999975 -0.00071089 0.07690439
0.00115910 0.00071087 0.99999908 0.14553728
0.00000000 0.00000000 0.00000000 1.00000000
70	71	22
0.99999983 0.00007643 0.00058540 -0.07359034
-0.00007615 0.99999989 -0.00046924 0.04592763
-0.00058544 0.00046919 0.99999972 -0.06223137
0.00000000 0.00000000 0.00000000 1.00000000
71	72	22
0.99993307 -0.01153960 -0.00083731 0.07107677
0.01153597 0.99992456 -0.00421764 2.02172174
0.00088591 0.00420769 0.99999076 0.09292975
0.00000000 0.00000000 0.00000000 1.00000000
72	73	22
0.99998843 0.00170864 0.00449745 -0.41879632
-0.00168834 0.99998839 -0.00451340 0.27702200
-0.00450511 0.00450576 0.99997970 -0.60162758
0.00000000 0.00000000 0.00000000 1.00000000
73	74	22
0.99999970 -0.00071053 -0.00031758 0.02225533
0.00071083 0.99999931 0.00093189 0.00985207
0.00031691 -0.00093211 0.99999952 0.04415491
0.00000000 0.00000000 0.00000000 1.00000000
74	75	22
0.99997717 -0.00520832 0.00430413 -0.50470870
0.00521477 0.99998529 -0.00148969 0.89522063
-0.00429631 0.00151210 0.99998963 -0.60279103
0.00000000 0.00000000 0.00000000 1.00000000
75	76	22
0.99999429 0.00267608 0.00206564 -0.24797394
-0.00268042 0.99999421 0.00209808 -0.58771099
-0.00206001 -0.00210360 0.99999567 -0.31463970
0.00000000 0.00000000 0.00000000 1.00000000
76	77	22
0.99999765 0.00140238 -0.00165458 0.12403873
-0.00140430 0.99999834 -0.00115851 -0.10026698
0.00165295 0.00116083 0.99999796 0.20657153
0.00000000 0.00000000 0.00000000 1.00000000
77	78	22
1.00000000 0.00000000 0.00000000 0.00000000
-0.00000000 1.00000000 -0.00000000 0.00000000
0.00000000 -0.00000000 1.00000000 0.00000000
0.00000000 0.00000000 0.00000000 1.00000000
78	79	22
0.99999876 -0.00145204 -0.00060359 0.05101116
0.00145223 0.99999890 0.00030461 0.13637862
0.00060314 -0.00030549 0.99999977 0.06738486
0.00000000 0.00000000 0.00000000 1.00000000
79	80	22
0.99999794 0.00040737 -0.00198948 0.14507492
-0.00040020 0.99999342 0.00360513 -0.33236638
0.00199093 -0.00360433 0.99999152 0.30034703
0.00000000 0.00000000 0.00000000 1.00000000
80	81	22
0.99999117 -0.00419662 0.00022764 -0.02293988
0.00419584 0.99998578 0.00329164 0.43989073
-0.00024145 -0.00329065 0.99999456 -0.01186329
0.00000000 0.00000000 0.00000000 1.00000000
81	82	22
0.99999398 0.00335721 0.00087854 -0.09940761
-0.00335855 0.99999318 0.00153676 -0.70809854
-0.00087337 -0.00153970 0.99999843 -0.18182373
0.00000000 0.00000000 0.00000000 1.00000000
82	83	22
1.00000000 -0.00000000 0.00000000 -0.00000000
0.00000000 1.00000000 -0.00000000 0.00000000
0.00000000 0.00000000 1.00000000 0.00000000
0.00000000 0.00000000 0.00000000 1.00000000
83	84	22
0.99999279 -0.00146313 -0.00350482 0.20310216
0.00147509 0.99999309 0.00341133 0.03558797
0.00349980 -0.00341647 0.99998804 0.52486929
0.00000000 0.00000000 0.00000000 1.00000000
84	85	22
0.99999722 -0.00216110 -0.00094676 0.05974114
0.00215391 0.99996935 -0.00752762 0.82572926
0.00096300 0.00752556 0.99997122 0.17864865
0.00000000 0.00000000 0.00000000 1.00000000
85	86	22
0.99999630 0.00216430 0.00164515 -0.09873831
-0.00216300 0.99999735 -0.00079368 -0.38054874
-0.00164686 0.00079012 0.99999833 -0.36224406
0.00000000 0.00000000 0.00000000 1.00000000
86	87	22
0.99999911 0.00131914 0.00019044 -0.01394781
-0.00131973 0.99999428 0.00311261 -0.46889948
-0.00018633 -0.00311286 0.99999514 -0.03482588
0.00000000 0.00000000 0.00000000 1.00000000
87	88	22
0.99999451 0.00330290 -0.00028381 -0.00195696
-0.00330316 0.99999413 -0.00091066 -0.52719952
0.00028080 0.00091159 0.99999955 0.01112400
0.00000000 0.00000000 0.00000000 1.00000000
88	89	22
0.99999408 0.00335681 -0.00075399 0.03622269
-0.00335356 0.99998530 0.00426043 -0.82569418
0.00076828 -0.00425787 0.99999064 0.14567919
0.00000000 0.00000000 0.00000000 1.00000000
89	90	22
1.00000000 0.00000000 -0.00000000 -0.00000000
0.00000000 1.00000000 -0.00000000 0.00000000
-0.00000000 -0.00000000 1.00000000 0.00000000
0.00000000 0.00000000 0.00000000 1.00000000
90	91	22
0.99999262 -0.00059969 -0.00379348 0.26901849
0.00055824 0.99994023 -0.01091888 0.77873804
0.00379980 0.01091668 0.99993319 0.67287210
0.00000000 0.00000000 0.00000000 1.00000000
91	92	22
0.99999521 -0.00189436 0.00244585 -0.31678852
0.00189470 0.99999820 -0.00013593 0.35039563
-0.00244559 0.00014057 0.99999700 -0.36441135
0.00000000 0.00000000 0.00000000 1.00000000
92	93	22
0.99999329 -0.00294780 0.00217430 -0.16757646
0.00293277 0.99997201 0.00688325 0.29125362
-0.00219453 -0.00687683 0.99997395 -0.37336439
0.00000000 0.00000000 0.00000000 1.00000000
93	94	22
0.99998420 0.00371643 -0.00421661 0.06639524
-0.00373032 0.99998763 -0.00329072 -0.59577261
0.00420433 0.00330640 0.99998570 0.74582539
0.00000000 0.00000000 0.00000000 1.00000000
94	95	22
1.00000000 0.00000000 -0.00000000 -0.00000000
0.00000000 1.00000000 -0.00000000 0.00000000
-0.00000000 0.00000000 1.00000000 -0.00000000
0.00000000 0.00000000 0.00000000 1.00000000
95	96	22
0.99999793 0.00118981 -0.00164957 0.05985135
-0.00118698 0.99999782 0.00171703 -0.28403590
0.00165161 -0.00171507 0.99999717 0.32454563
0.00000000 0.00000000 0.00000000 1.00000000
96	97	22
0.99999584 -0.00255465 -0.00134112 0.10096563
0.00255744 0.99999456 0.00208222 0.41736302
0.00133579 -0.00208564 0.99999693 0.27862485
0.00000000 0.00000000 0.00000000 1.00000000
97	98	22
0.99998944 0.00415159 -0.00197218 0.12734487
-0.00415327 0.99999102 -0.00084636 -0.71003890
0.00196865 0.00085454 0.99999770 0.33073709
0.00000000 0.00000000 0.00000000 1.00000000
98	99	22
0.99999309 -0.00367799 0.00054144 -0.02289476
0.00367906 0.99999125 -0.00198978 0.74639133
-0.00053412 0.00199176 0.99999787 -0.11817873
0.00000000 0.00000000 0.00000000 1.00000000
99	100	22
0.99997852 0.00564566 0.00332953 -0.07489661
-0.00565742 0.99997775 0.00353377 -1.10078218
-0.00330950 -0.00355253 0.99998821 -0.64762610
0.00000000 0.00000000 0.00000000 1.00000000
100	101	22
0.99999729 -0.00232109 -0.00019633 0.02517364
0.00232067 0.99999508 -0.00210941 0.45291980
0.00020123 0.00210895 0.99999776 0.02112833
0.00000000 0.00000000 0.00000000 1.00000000
101	102	22
0.99999871 -0.00149326 -0.00059121 0.02402304
0.00149344 0.99999884 0.00029188 0.23099085
0.00059077 -0.00029276 0.99999978 0.10594172
0.00000000 0.00000000 0.00000000 1.00000000
102	103	22
0.99999694 0.00044928 0.00243380 -0.09317663
-0.00045091 0.99999967 0.00067195 -0.11800867
-0.00243349 -0.00067304 0.99999681 -0.43225234
0.00000000 0.00000000 0.00000000 1.00000000
103	104	22
0.99999658 0.00241974 -0.00099731 0.01098136
-0.00242246 0.99999332 -0.00273599 -0.39625979
0.00099068 0.00273839 0.99999576 0.14298946
0.00000000 0.00000000 0.00000000 1.00000000
104	105	22
0.99999794 -0.00009646 -0.00202808 0.01796100
0.00009466 0.99999960 -0.00088604 0.02666021
0.00202816 0.00088585 0.99999755 0.33589802
0.00000000 0.00000000 0.00000000 1.00000000
105	106	22
0.99999577 -0.00267974 -0.00112909 -0.02380112
0.00268767 0.99997131 0.00708232 0.35120275
0.00111008 -0.00708533 0.99997428 0.16615009
0.00000000 0.00000000 0.00000000 1.00000000
106	107	22
1.00000000 0.00000000 -0.00000000 0.00000000
0.00000000 1.00000000 0.00000000 0.00000000
-0.00000000 -0.00000000 1.00000000 -0.00000000
0.00000000 0.00000000 0.00000000 1.00000000
107	108	22
0.99999315 0.00337314 0.00152612 0.03085874
-0.00337385 0.99999420 0.00046063 -0.54143864
-0.00152456 -0.00046577 0.99999873 -0.24292088
0.00000000 0.00000000 0.00000000 1.00000000
108	109	22
0.99997409 0.00039153 0.00718747 0.03408424
-0.00040547 0.99999804 0.00193897 -0.06719608
-0.00718669 -0.00194183 0.99997229 -1.15279109
0.00000000 0.00000000 0.00000000 1.00000000
109	110	22
0.99998248 0.00562272 0.00185013 0.02949532
-0.00561893 0.99998211 -0.00205006 -0.91828894
-0.00186163 0.00203963 0.99999619 -0.37314238
0.00000000 0.00000000 0.00000000 1.00000000
110	111	22
0.99999883 -0.00109339 -0.00107376 0.00374575
0.00109171 0.99999819 -0.00155955 0.11946334
0.00107546 0.00155838 0.99999821 0.12404802
0.00000000 0.00000000 0.00000000 1.00000000
111	112	22
0.99996604 0.00405837 0.00717292 0.10410828
-0.00405381 0.99999157 -0.00064975 -0.67400125
-0.00717550 0.00062065 0.99997406 -1.18340288
0.00000000 0.00000000 0.00000000 1.00000000
112	113	22
0.99999829 0.00036529 -0.00181278 -0.04561342
-0.00036850 0.99999837 -0.00176941 -0.08967646
0.00181213 0.00177008 0.99999679 0.23330461
0.00000000 0.00000000 0.00000000 1.00000000
113	114	22
0.99999662 -0.00258496 0.00028236 -0.01829934
0.00258489 0.99999662 0.00027511 0.43714720
-0.00028307 -0.00027438 0.99999992 -0.09493141
0.00000000 0.00000000 0.00000000 1.00000000
114	115	22
0.99999960 -0.00058695 0.00066910 0.04100953
0.00058747 0.99999952 -0.00078137 0.05517383
-0.00066864 0.00078176 0.99999947 -0.11343752
0.00000000 0.00000000 0.00000000 1.00000000
115	116	22
0.99999994 -0.00033733 -0.00006775 -0.00242121
0.00033720 0.99999826 -0.00183250 -0.01936397
0.00006837 0.00183247 0.99999832 -0.00423057
0.00000000 0.00000000 0.00000000 1.00000000
116	117	22
0.99997114 0.00758381 -0.00045640 -0.05877057
-0.00758271 0.99996847 0.00235973 -1.03227219
0.00047429 -0.00235620 0.99999711 0.11230024
0.00000000 0.00000000 0.00000000 1.00000000
117	118	22
0.99995497 -0.00923911 -0.00216750 -0.04288046
0.00923737 0.99995700 -0.00081358 1.32880585
0.00217493 0.00079352 0.99999732 0.02451491
0.00000000 0.00000000 0.00000000 1.00000000
118	119	22
0.99999892 0.00048199 -0.00138737 -0.07721409
-0.00048311 0.99999956 -0.00080635 -0.10821270
0.00138698 0.00080701 0.99999871 0.19034946
0.00000000 0.00000000 0.00000000 1.00000000
119	120	22
0.99999356 -0.00156541 -0.00322974 -0.18308679
0.00155347 0.99999196 -0.00369636 0.00298954
0.00323550 0.00369132 0.99998795 0.46945226
0.00000000 0.00000000 0.00000000 1.00000000
120	121	22
0.99998536 -0.00541022 -0.00007256 0.02166417
0.00541023 0.99998535 0.00016961 0.85963595
0.00007164 -0.00017000 0.99999998 0.05199135
0.00000000 0.00000000 0.00000000 1.00000000
121	122	22
0.99999557 0.00039793 -0.00294972 -0.13319943
-0.00040118 0.99999931 -0.00110078 -0.15317835
0.00294928 0.00110196 0.99999504 0.37028315
0.00000000 0.00000000 0.00000000 1.00000000
122	123	22
0.99999256 0.00384240 0.00035465 0.01962813
-0.00384210 0.99999228 -0.00082690 -0.62654971
-0.00035782 0.00082553 0.99999960 -0.06247394
0.00000000 0.00000000 0.00000000 1.00000000
123	124	22
0.99999908 0.00122645 0.00058481 0.03981581
-0.00122595 0.99999889 -0.00085180 -0.27167152
-0.00058586 0.00085108 0.99999947 -0.12462343
0.00000000 0.00000000 0.00000000 1.00000000
124	125	22
0.99999476 -0.00261922 0.00190414 0.15220678
0.00262307 0.99999451 -0.00202405 0.24230025
-0.00189883 0.00202903 0.99999614 -0.27533547
0.00000000 0.00000000 0.00000000 1.00000000
125	126	22
0.99999799 -0.00144085 0.00139616 0.10744536
0.00144310 0.99999766 -0.00161108 0.10221576
-0.00139383 0.00161309 0.99999773 -0.22971336
0.00000000 0.00000000 0.00000000 1.00000000
126	127	22
0.99997095 0.00051744 0.00760452 0.54407611
-0.00053962 0.99999560 0.00291560 0.12311780
-0.00760297 -0.00291962 0.99996683 -1.32272820
0.00000000 0.00000000 0.00000000 1.00000000
127	128	22
0.99999854 -0.00168137 0.00029856 0.04581153
0.00168084 0.99999703 0.00176421 0.41257278
-0.00030152 -0.00176370 0.99999840 -0.05388667
0.00000000 0.00000000 0.00000000 1.00000000
128	129	22
0.99999731 0.00155129 0.00172664 0.14102337
-0.00155390 0.99999765 0.00151063 -0.07440920
-0.00172429 -0.00151331 0.99999737 -0.19661016
0.00000000 0.00000000 0.00000000 1.00000000
129	130	22
0.99999608 0.00273437 0.00060808 0.03289750
-0.00273288 0.99999326 -0.00244986 -0.57284710
-0.00061477 0.00244819 0.99999681 -0.06376084
0.00000000 0.00000000 0.00000000 1.00000000
130	131	22
0.99999747 -0.00160349 -0.00157544 -0.16029419
0.00160568 0.99999774 0.00139291 0.35879525
0.00157321 -0.00139543 0.99999779 0.16045651
0.00000000 0.00000000 0.00000000 1.00000000
131	132	22
0.99999865 -0.00124434 -0.00107228 -0.07883184
0.00124910 0.99998933 0.00444693 0.54268984
0.00106674 -0.00444827 0.99998954 0.19834869
0.00000000 0.00000000 0.00000000 1.00000000
132	133	22
0.99999983 0.00054202 -0.00020081 -0.04180156
-0.00054202 0.99999985 -0.00001689 -0.07379288
0.00020080 0.00001700 0.99999998 -0.00057934
0.00000000 0.00000000 0.00000000 1.00000000
133	134	22
0.99999928 0.00116556 0.00027140 0.02288283
-0.00116576 0.99999905 0.00073641 -0.10556893
-0.00027054 -0.00073673 0.99999969 -0.04816938
0.00000000 0.00000000 0.00000000 1.00000000
134	135	22
0.99999819 -0.00134435 0.00134330 0.08917525
0.00134438 0.99999910 -0.00001525 0.23036039
-0.00134328 0.00001706 0.99999910 -0.19765644
0.00000000 0.00000000 0.00000000 1.00000000
135	136	22
0.99999973 0.00073042 0.00012625 0.01299964
-0.00073037 0.99999965 -0.00039833 -0.13235594
-0.00012654 0.00039824 0.99999991 -0.01982914
0.00000000 0.00000000 0.00000000 1.00000000
136	137	22
0.99999931 0.00094482 0.00070191 0.05195303
-0.00094482 0.99999955 0.00000812 -0.10239906
-0.00070190 -0.00000878 0.99999975 -0.08030864
0.00000000 0.00000000 0.00000000 1.00000000
137	138	22
0.99999863 0.00164595 -0.00015382 -0.01206694
-0.00164615 0.99999782 -0.00128267 -0.32393844
0.00015171 0.00128292 0.99999917 -0.00930515
0.00000000 0.00000000 0.00000000 1.00000000
138	139	22
0.99999993 0.00035915 0.00005746 0.02154824
-0.00035917 0.99999991 0.00021987 -0.02626729
-0.00005738 -0.00021989 0.99999997 -0.00527131
0.00000000 0.00000000 0.00000000 1.00000000
139	140	22
0.99999988 0.00013615 -0.00047995 -0.03997399
-0.00013599 0.99999993 0.00033649 0.00797974
0.00048000 -0.00033642 0.99999983 0.05926745
0.00000000 0.00000000 0.00000000 1.00000000
140	141	22
0.99998362 -0.00057146 -0.00569473 -0.53531538
0.00056011 0.99999785 -0.00199501 -0.10914556
0.00569586 0.00199178 0.99998179 0.79411036
0.00000000 0.00000000 0.00000000 1.00000000
141	142	22
0.99999660 -0.00119047 0.00231994 0.13244011
0.00118822 0.99999882 0.00097289 0.23438817
-0.00232109 -0.00097013 0.99999684 -0.39493224
0.00000000 0.00000000 0.00000000 1.00000000
142	143	22
0.99999136 0.00073391 -0.00409237 -0.37513948
-0.00071156 0.99998484 0.00546000 0.41421896
0.00409632 -0.00545704 0.99997672 0.56424139
0.00000000 0.00000000 0.00000000 1.00000000
143	144	22
0.99999287 0.00077387 0.00369530 0.31699703
-0.00076972 0.99999907 -0.00112249 -0.21408403
-0.00369617 0.00111964 0.99999254 -0.53431082
0.00000000 0.00000000 0.00000000 1.00000000
144	145	22
0.99996941 0.00749981 0.00222281 0.12988718
-0.00749865 0.99997174 -0.00053220 -1.16088520
-0.00222673 0.00051552 0.99999739 -0.46975170
0.00000000 0.00000000 0.00000000 1.00000000
145	146	22
0.99999884 0.00025665 -0.00150320 -0.13052907
-0.00025690 0.99999995 -0.00016275 -0.04656963
0.00150316 0.00016313 0.99999886 0.17534192
0.00000000 0.00000000 0.00000000 1.00000000
146	147	22
0.99999985 0.00048155 0.00027685 0.00563156
-0.00048164 0.99999983 0.00031515 -0.03911022
-0.00027669 -0.00031529 0.99999991 -0.05082700
0.00000000 0.00000000 0.00000000 1.00000000
147	148	22
0.99998535 -0.00538595 -0.00054328 -0.05014075
0.00538999 0.99995555 0.00773542 1.48864325
0.00050159 -0.00773824 0.99996993 0.07848518
0.00000000 0.00000000 0.00000000 1.00000000
148	149	22
0.99999075 -0.00200430 -0.00380628 -0.27095767
0.00200211 0.99999783 -0.00058012 0.24491974
0.00380744 0.00057249 0.99999259 0.49336165
0.00000000 0.00000000 0.00000000 1.00000000
149	150	22
0.99999653 0.00192685 -0.00179398 -0.03726075
-0.00191420 0.99997351 0.00702231 0.33119775
0.00180746 -0.00701885 0.99997373 0.26060662
0.00000000 0.00000000 0.00000000 1.00000000
150	151	22
0.99999924 -0.00087051 0.00087265 0.06313856
0.00087140 0.99999910 -0.00101911 0.05938940
-0.00087176 0.00101987 0.99999910 -0.15993877
0.00000000 0.00000000 0.00000000 1.00000000
151	152	22
0.99999740 -0.00195738 0.00116979 0.18331256
0.00195942 0.99999656 -0.00174372 0.08464692
-0.00116637 0.00174601 0.99999780 -0.13578678
0.00000000 0.00000000 0.00000000 1.00000000
152	153	22
0.99999977 -0.00008265 -0.00067049 -0.05629203
0.00008268 1.00000000 0.00004172 0.01409759
0.00067049 -0.00004177 0.99999977 0.08873267
0.00000000 0.00000000 0.00000000 1.00000000
153	154	22
0.99999977 -0.00016235 -0.00066274 -0.05189294
0.00016207 0.99999990 -0.00040997 -0.01884084
0.00066280 0.00040986 0.99999970 0.05688085
0.00000000 0.00000000 0.00000000 1.00000000
154	155	22
0.99999806 -0.00085412 -0.00177312 -0.14888618
0.00084379 0.99998272 -0.00581829 -0.38626219
0.00177806 0.00581678 0.99998150 0.19133238
0.00000000 0.00000000 0.00000000 1.00000000
155	156	22
0.99999910 -0.00008716 0.00133960 0.09422415
0.00008609 0.99999968 0.00079565 0.07189277
-0.00133967 -0.00079554 0.99999879 -0.13828717
0.00000000 0.00000000 0.00000000 1.00000000
156	157	22
0.99999356 -0.00358498 0.00015215 -0.07382122
0.00358673 0.99989875 -0.01377031 -1.05587253
-0.00010277 0.01377077 0.99990517 -0.04688977
0.00000000 0.00000000 0.00000000 1.00000000
157	158	22
0.99999873 0.00070573 0.00142563 0.11928576
-0.00069815 0.99998566 -0.00531056 -0.53682568
-0.00142936 0.00530956 0.99998488 -0.17596721
0.00000000 0.00000000 0.00000000 1.00000000
158	159	22
0.99999952 0.00079692 0.00056784 0.05138632
-0.00079765 0.99999885 0.00128658 0.05769508
-0.00056682 -0.00128704 0.99999901 -0.04300008
0.00000000 0.00000000 0.00000000 1.00000000
159	160	22
0.99999502 -0.00283457 0.00139001 0.26362104
0.00284276 0.99997841 -0.00592463 -0.24826343
-0.00137319 0.00592855 0.99998148 -0.13734942
0.00000000 0.00000000 0.00000000 1.00000000
160	161	22
0.99999893 -0.00146214 -0.00001707 -0.03034445
0.00146215 0.99999872 0.00065389 0.15259448
0.00001611 -0.00065392 0.99999979 -0.02834804
0.00000000 0.00000000 0.00000000 1.00000000
161	162	22
0.99999887 0.00114714 -0.00097231 -0.10016512
-0.00114702 0.99999933 0.00012497 -0.09472270
0.00097245 -0.00012386 0.99999952 0.05983883
0.00000000 0.00000000 0.00000000 1.00000000
162	163	22
0.99997780 0.00587688 0.00313937 0.21850902
-0.00588001 0.99998223 0.00098720 -0.32661152
-0.00313352 -0.00100564 0.99999458 -0.17025827
0.00000000 0.00000000 0.00000000 1.00000000
163	164	22
0.99999955 -0.00016357 -0.00093375 -0.05945990
0.00016385 0.99999994 0.00029926 0.04169423
0.00093371 -0.00029941 0.99999952 0.09453333
0.00000000 0.00000000 0.00000000 1.00000000
164	165	22
0.99999685 -0.00053290 -0.00245268 -0.20260916
0.00054575 0.99998612 0.00524057 0.41440196
0.00244985 -0.00524189 0.99998326 0.13606961
0.00000000 0.00000000 0.00000000 1.00000000
165	166	22
0.99999846 0.00049731 0.00168390 0.10199159
-0.00050027 0.99999833 0.00175692 0.11067122
-0.00168302 -0.00175776 0.99999704 -0.06477791
0.00000000 0.00000000 0.00000000 1.00000000
166	167	22
0.99999965 0.00074013 -0.00039179 0.00740171
-0.00073891 0.99999492 0.00310094 0.23238433
0.00039408 -0.00310065 0.99999512 0.03565187
0.00000000 0.00000000 0.00000000 1.00000000
167	168	22
0.99998554 -0.00537784 0.00008561 0.15778513
0.00537832 0.99996038 -0.00709371 -0.31947809
-0.00004746 0.00709407 0.99997484 -0.01610175
0.00000000 0.00000000 0.00000000 1.00000000
168	169	22
0.99999434 -0.00313653 -0.00121420 -0.02479998
0.00311501 0.99984478 -0.01734098 -1.11542015
0.00126840 0.01733710 0.99984890 0.00737571
0.00000000 0.00000000 0.00000000 1.00000000
169	170	22
0.99999935 -0.00013071 0.00113159 0.11140043
0.00013051 0.99999998 0.00017845 0.02012571
-0.00113161 -0.00017830 0.99999934 -0.01663974
0.00000000 0.00000000 0.00000000 1.00000000
170	171	22
0.99999957 0.00049783 -0.00078491 -0.05378961
-0.00049732 0.99999966 0.00065351 0.04542273
0.00078523 -0.00065312 0.99999948 -0.00329448
0.00000000 0.00000000 0.00000000 1.00000000
171	172	22
0.99999973 0.00019383 -0.00071393 -0.07627088
-0.00019375 0.99999998 0.00010755 0.00748961
0.00071395 -0.00010741 0.99999974 0.00235098
0.00000000 0.00000000 0.00000000 1.00000000
172	173	22
0.99999983 0.00012670 -0.00056594 -0.03709444
-0.00012685 0.99999996 -0.00026089 -0.02035743
0.00056591 0.00026097 0.99999981 0.00486614
0.00000000 0.00000000 0.00000000 1.00000000
173	174	22
0.99999896 -0.00083576 0.00117632 0.06411072
0.00083506 0.99999948 0.00059170 0.05209470
-0.00117682 -0.00059072 0.99999913 -0.01755525
0.00000000 0.00000000 0.00000000 1.00000000
174	175	22
1.00000000 0.00000741 -0.00002423 0.00147799
-0.00000741 1.00000000 -0.00004636 -0.00440035
0.00002423 0.00004636 1.00000000 0.00541538
0.00000000 0.00000000 0.00000000 1.00000000
175	176	22
0.99999985 -0.00025939 0.00047936 0.04974518
0.00025915 0.99999984 0.00050487 0.04806067
-0.00047949 -0.00050475 0.99999976 0.00286133
0.00000000 0.00000000 0.00000000 1.00000000
176	177	22
0.99999181 0.00401720 0.00048521 0.02601369
-0.00401798 0.99999064 0.00160376 0.10695078
-0.00047877 -0.00160570 0.99999860 0.02750542
0.00000000 0.00000000 0.00000000 1.00000000
177	178	22
0.99999983 -0.00015801 -0.00055887 -0.04589503
0.00015782 0.99999993 -0.00033142 -0.02746530
0.00055892 0.00033133 0.99999979 0.01428402
0.00000000 0.00000000 0.00000000 1.00000000
178	179	22
0.99999732 -0.00189968 -0.00131993 -0.09292417
0.00190497 0.99999014 0.00401247 0.33656213
0.00131229 -0.00401497 0.99999108 0.03556151
0.00000000 0.00000000 0.00000000 1.00000000
179	180	22
0.99999848 -0.00039109 -0.00169921 -0.13155778
0.00039130 0.99999992 0.00012505 0.00395768
0.00169916 -0.00012571 0.99999855 -0.02970713
0.00000000 0.00000000 0.00000000 1.00000000
180	181	22
0.99999629 -0.00232745 0.00141799 0.13226439
0.00232745 0.99999729 0.00000287 0.00781131
-0.00141799 0.00000043 0.99999899 -0.00314749
0.00000000 0.00000000 0.00000000 1.00000000
181	182	22
0.99999195 0.00371007 -0.00152922 -0.08812476
-0.00370531 0.99998832 0.00310360 0.16199434
0.00154072 -0.00309791 0.99999401 0.05822941
0.00000000 0.00000000 0.00000000 1.00000000
182	183	22
0.99999971 -0.00068696 0.00031601 0.00974686
0.00068539 0.99998766 0.00492060 0.37746032
-0.00031939 -0.00492038 0.99998784 0.02018632
0.00000000 0.00000000 0.00000000 1.00000000
183	184	22
0.99993414 0.01041171 0.00482748 0.24723727
-0.01041455 0.99994561 0.00056333 -0.01104943
-0.00482135 -0.00061357 0.99998819 0.07084045
0.00000000 0.00000000 0.00000000 1.00000000
184	185	22
0.99999517 0.00174813 -0.00256954 -0.16469529
-0.00173371 0.99998281 0.00560104 0.35578186
0.00257929 -0.00559655 0.99998101 0.04385296
0.00000000 0.00000000 0.00000000 1.00000000
185	186	22
0.99999911 -0.00112686 -0.00071107 -0.04223651
0.00112774 0.99999859 0.00124557 0.04104035
0.00070967 -0.00124637 0.99999897 0.05647452
0.00000000 0.00000000 0.00000000 1.00000000
186	187	22
0.99999708 -0.00097092 0.00221466 0.09000484
0.00097369 0.99999874 -0.00125297 -0.07860306
-0.00221344 0.00125512 0.99999676 0.09631268
0.00000000 0.00000000 0.00000000 1.00000000
187	188	22
0.99999960 -0.00087369 -0.00019259 -0.00766078
0.00087378 0.99999951 0.00046697 0.02660205
0.00019219 -0.00046714 0.99999987 0.00716475
0.00000000 0.00000000 0.00000000 1.00000000
188	189	22
0.99997745 -0.00435021 0.00511520 0.26087076
0.00426955 0.99986802 0.01567508 0.63154144
-0.00518271 -0.01565289 0.99986405 0.16952713
0.00000000 0.00000000 0.00000000 1.00000000
189	190	22
0.99999920 -0.00122121 0.00033495 0.00423571
0.00122118 0.99999925 0.00009536 0.00131093
-0.00033507 -0.00009495 0.99999994 -0.00188575
0.00000000 0.00000000 0.00000000 1.00000000
190	191	22
0.99995817 0.00395438 -0.00824788 -0.33658193
-0.00393427 0.99998925 0.00245289 0.08905850
0.00825749 -0.00242033 0.99996298 0.08578305
0.00000000 0.00000000 0.00000000 1.00000000
191	192	22
0.99997132 -0.00757096 0.00020667 0.01598399
0.00757145 0.99996819 -0.00250666 -0.16642299
-0.00018768 0.00250816 0.99999684 0.04895686
0.00000000 0.00000000 0.00000000 1.00000000
192	193	22
0.99995603 -0.00784818 -0.00513245 -0.09397132
0.00790089 0.99991541 0.01033169 0.25598034
0.00505094 -0.01037179 0.99993345 0.03880284
0.00000000 0.00000000 0.00000000 1.00000000
193	194	22
0.99999772 0.00035710 0.00210574 0.02376090
-0.00038158 0.99993218 0.01163995 0.25579670
-0.00210145 -0.01164072 0.99993004 0.13543220
0.00000000 0.00000000 0.00000000 1.00000000
194	195	22
0.99998035 -0.00445308 -0.00441332 -0.15718219
0.00444179 0.99998685 -0.00256354 -0.08605668
0.00442468 0.00254388 0.99998698 0.00984688
0.00000000 0.00000000 0.00000000 1.00000000
195	196	22
0.99995086 0.00991339 0.00008009 -0.00555742
-0.00991371 0.99990990 0.00905096 -0.06110557
0.00000964 -0.00905131 0.99995904 0.23470219
0.00000000 0.00000000 0.00000000 1.00000000
196	197	22
0.99996757 0.00311644 0.00742659 0.13601213
-0.00303232 0.99993143 -0.01131141 -0.19951020
-0.00746133 0.01128852 0.99990844 0.10951549
0.00000000 0.00000000 0.00000000 1.00000000
197	198	22
0.99999663 -0.00258760 0.00022851 0.03476463
0.00258777 0.99999636 -0.00076260 -0.04692372
-0.00022654 0.00076319 0.99999968 0.05658509
0.00000000 0.00000000 0.00000000 1.00000000
198	199	22
0.99996311 -0.00848670 0.00132753 0.03109341
0.00848453 0.99996268 0.00162996 -0.01300053
-0.00134131 -0.00161864 0.99999779 0.15718528
0.00000000 0.00000000 0.00000000 1.00000000
199	200	22
0.99999948 -0.00100497 0.00019079 0.00393745
0.00100509 0.99999930 -0.00062271 -0.00516522
-0.00019016 0.00062290 0.99999979 0.09302426
0.00000000 0.00000000 0.00000000 1.00000000
200	201	22
0.99999808 -0.00108537 -0.00163286 -0.04975938
0.00108542 0.99999941 0.00003213 0.03074021
0.00163283 -0.00003390 0.99999867 0.02906253
0.00000000 0.00000000 0.00000000 1.00000000
201	202	22
0.99985418 -0.01014944 -0.01373381 -0.12462114
0.00995038 0.99984556 -0.01448577 -0.10438588
0.01387871 0.01434700 0.99980075 0.12603182
0.00000000 0.00000000 0.00000000 1.00000000
202	203	22
0.99999654 0.00260611 0.00034717 0.00139583
-0.00260564 0.99999570 -0.00134800 -0.04129195
-0.00035068 0.00134709 0.99999903 0.14631950
0.00000000 0.00000000 0.00000000 1.00000000
203	204	22
0.99998497 0.00548270 -0.00003560 0.00660909
-0.00548280 0.99997638 -0.00414399 -0.06438336
0.00001287 0.00414412 0.99999141 0.03710992
0.00000000 0.00000000 0.00000000 1.00000000
204	205	22
0.99998698 -0.00333434 -0.00386380 0.00345256
0.00332844 0.99999329 -0.00153228 0.04929457
0.00386888 0.00151940 0.99999136 0.19550071
0.00000000 0.00000000 0.00000000 1.00000000
205	206	22
0.99999334 0.00319552 -0.00176100 -0.00625628
-0.00320210 0.99998784 -0.00375055 -0.07818171
0.00174899 0.00375617 0.99999142 0.16138957
0.00000000 0.00000000 0.00000000 1.00000000
206	207	22
0.99999853 -0.00138275 0.00100975 0.01115015
0.00138553 0.99999526 -0.00274912 -0.01862706
-0.00100594 0.00275052 0.99999571 0.00995126
0.00000000 0.00000000 0.00000000 1.00000000
207	208	22
0.99999971 0.00015557 0.00074366 0.00787562
-0.00015549 0.99999998 -0.00010316 -0.00095069
-0.00074368 0.00010305 0.99999972 -0.01999327
0.00000000 0.00000000 0.00000000 1.00000000
208	209	22
0.99997881 -0.00565650 0.00322367 0.03306867
0.00565734 0.99998397 -0.00025124 0.02756740
-0.00322220 0.00026947 0.99999477 -0.04625652
0.00000000 0.00000000 0.00000000 1.00000000
209	210	22
0.99988632 0.01507115 -0.00045158 -0.03776879
-0.01506713 0.99985546 0.00787712 0.07240932
0.00057023 -0.00786942 0.99996887 0.05868341
0.00000000 0.00000000 0.00000000 1.00000000
210	211	22
0.99999489 0.00167957 -0.00272147 0.05125372
-0.00167603 0.99999775 0.00129955 -0.04628870
0.00272365 -0.00129499 0.99999545 0.03897161
0.00000000 0.00000000 0.00000000 1.00000000
211	212	22
