0	0	14
0.99899465 0.04161022 0.01668156 2.72061945
-0.04385486 0.98426668 0.17116031 1.33928802
-0.00929709 -0.17171980 0.98510196 3.75350663
0.00000000 0.00000000 0.00000000 1.00000000
0	0	14
0.99907142 0.03950856 0.01718655 2.70643103
-0.04186806 0.98440126 0.17088364 1.30660831
-0.01016709 -0.17144453 0.98514131 3.75727698
0.00000000 0.00000000 0.00000000 1.00000000
1	1	14
0.99910294 0.03764590 0.01939323 2.73756246
-0.04038418 0.98482476 0.16878779 1.25055667
-0.01274476 -0.16941955 0.98546161 3.74017852
0.00000000 0.00000000 0.00000000 1.00000000
2	2	14
0.99908989 0.03753091 0.02026870 2.73136007
-0.04042994 0.98468937 0.16956494 1.26443588
-0.01359445 -0.17023008 0.98531057 3.65782632
0.00000000 0.00000000 0.00000000 1.00000000
3	3	14
0.99903859 0.03660825 0.02411930 2.80727486
-0.04014725 0.98498245 0.16792193 1.21474554
-0.01760976 -0.16872881 0.98550519 3.56966491
0.00000000 0.00000000 0.00000000 1.00000000
4	4	14
0.99895927 0.03758933 0.02583429 2.84597145
-0.04136146 0.98530342 0.16572991 1.16078516
-0.01922494 -0.16662597 0.98583274 3.53060589
0.00000000 0.00000000 0.00000000 1.00000000
5	5	14
0.99884397 0.04027344 0.02624434 2.85255727
-0.04405544 0.98537425 0.16461076 1.14892843
-0.01923106 -0.16557667 0.98600940 3.50004314
0.00000000 0.00000000 0.00000000 1.00000000
6	6	14
0.99888947 0.03888169 0.02660894 2.87555065
-0.04275528 0.98532799 0.16522933 1.14672733
-0.01979413 -0.16618351 0.98589616 3.47997587
0.00000000 0.00000000 0.00000000 1.00000000
7	7	14
0.99909791 0.03409332 0.02531812 2.88011670
-0.03774128 0.98617402 0.16135800 1.02529845
-0.01946684 -0.16216798 0.98657113 3.42059817
0.00000000 0.00000000 0.00000000 1.00000000
8	8	14
0.99903105 0.03513546 0.02650381 2.88097358
-0.03939042 0.98243838 0.18238210 0.97671832
-0.01963028 -0.18324938 0.98287045 3.41053429
0.00000000 0.00000000 0.00000000 1.00000000
9	9	14
0.99901749 0.03529664 0.02679944 2.87351860
-0.03976984 0.98084565 0.19068344 0.95701669
-0.01955563 -0.19156190 0.98128570 3.41584311
0.00000000 0.00000000 0.00000000 1.00000000
10	10	14
0.99901532 0.03457149 0.02780661 2.87790066
-0.03916480 0.98165282 0.18661152 0.97762622
-0.02084500 -0.18751680 0.98204019 3.35932326
0.00000000 0.00000000 0.00000000 1.00000000
11	11	14
0.99907866 0.03192095 0.02868597 2.89461438
-0.03687087 0.98048970 0.19308156 1.05822159
-0.02196295 -0.19396134 0.98076329 3.31427906
0.00000000 0.00000000 0.00000000 1.00000000
12	12	14
0.99914938 0.02941307 0.02890324 2.91577238
-0.03462946 0.97901776 0.20081090 1.17070419
-0.02239032 -0.20164099 0.97920355 3.28170267
0.00000000 0.00000000 0.00000000 1.00000000
13	13	14
0.99912420 0.03067956 0.02845328 2.92175055
-0.03592119 0.97763238 0.20723078 1.14930616
-0.02145910 -0.20807137 0.97787822 3.30365901
0.00000000 0.00000000 0.00000000 1.00000000
14	14	14
0.99912551 0.03253162 0.02626619 2.92137716
-0.03718748 0.97856110 0.20257165 1.07613148
-0.01911309 -0.20337127 0.97891512 3.41091516
0.00000000 0.00000000 0.00000000 1.00000000
15	15	14
0.99909186 0.03290097 0.02707365 2.94857087
-0.03715070 0.98379273 0.17541859 0.95429638
-0.02086342 -0.17626509 0.98412161 3.26670331
0.00000000 0.00000000 0.00000000 1.00000000
16	16	14
0.99891828 0.03535683 0.03020207 2.95082411
-0.04050477 0.98061991 0.19168714 0.83768190
-0.02283930 -0.19270312 0.98099127 3.14575683
0.00000000 0.00000000 0.00000000 1.00000000
17	17	14
0.99911527 0.03357748 0.02532250 2.95370242
-0.03742924 0.98449794 0.17135596 0.95026481
-0.01917624 -0.17215216 0.98488370 3.32230080
0.00000000 0.00000000 0.00000000 1.00000000
18	18	14
0.99912772 0.03365721 0.02471831 2.95119705
-0.03736097 0.98489189 0.16909207 0.94638929
-0.01865370 -0.16986808 0.98529025 3.33997613
0.00000000 0.00000000 0.00000000 1.00000000
19	19	14
0.99915387 0.03335502 0.02406228 2.96255139
-0.03691584 0.98524113 0.16714407 0.96863227
-0.01813205 -0.16789092 0.98563881 3.34415310
0.00000000 0.00000000 0.00000000 1.00000000
20	20	14
0.99917046 0.03322859 0.02354255 2.95697491
-0.03672779 0.98502032 0.16848159 1.01093414
-0.01759149 -0.16920649 0.98542362 3.36579187
0.00000000 0.00000000 0.00000000 1.00000000
21	21	14
0.99918046 0.03271254 0.02383900 2.95198015
-0.03628400 0.98489780 0.16929206 1.07609858
-0.01794101 -0.17001829 0.98527758 3.31715203
0.00000000 0.00000000 0.00000000 1.00000000
22	22	14
0.99921177 0.03162486 0.02399389 2.95260433
-0.03510719 0.98612104 0.16227380 1.16173580
-0.01852900 -0.16298825 0.98645401 3.24177703
0.00000000 0.00000000 0.00000000 1.00000000
23	23	14
0.99912100 0.03372847 0.02489200 2.94468928
-0.03739223 0.98549796 0.16551613 1.00774245
-0.01894841 -0.16630141 0.98589289 3.19810515
0.00000000 0.00000000 0.00000000 1.00000000
24	24	14
0.99904293 0.03487194 0.02640385 2.92728173
-0.03842373 0.98811778 0.14881825 0.80806059
-0.02090053 -0.14969035 0.98851200 3.00139795
0.00000000 0.00000000 0.00000000 1.00000000
25	25	14
0.99896694 0.03694304 0.02646266 2.88816217
-0.04048737 0.98798930 0.14912386 0.62314693
-0.02063573 -0.15004121 0.98846437 3.02300412
0.00000000 0.00000000 0.00000000 1.00000000
26	26	14
0.99902189 0.03568711 0.02610940 2.86887090
-0.03912960 0.98849425 0.14610949 0.70888038
-0.02059477 -0.14698823 0.98892382 3.02919644
0.00000000 0.00000000 0.00000000 1.00000000
27	27	14
0.99883000 0.03991307 0.02730534 2.83522128
-0.04368481 0.98687904 0.15543938 0.36475405
-0.02074301 -0.15645035 0.98746798 3.02907189
0.00000000 0.00000000 0.00000000 1.00000000
28	28	14
0.99879889 0.04115676 0.02658755 2.80580079
-0.04469850 0.98762141 0.15035288 0.21991827
-0.02007040 -0.15136072 0.98827482 3.09709783
0.00000000 0.00000000 0.00000000 1.00000000
29	29	14
0.99878989 0.04123751 0.02679978 2.79995201
-0.04468805 0.98850698 0.14441930 0.18742642
-0.02053627 -0.14544217 0.98915360 3.05039301
0.00000000 0.00000000 0.00000000 1.00000000
30	30	14
0.99885782 0.04101127 0.02451797 2.78155597
-0.04381118 0.99088225 0.12740856 0.14780193
-0.01906923 -0.12833720 0.99154724 3.15619321
0.00000000 0.00000000 0.00000000 1.00000000
31	31	14
0.99873669 0.04277430 0.02636994 2.76209800
-0.04600522 0.98944002 0.13744804 0.09297868
-0.02021223 -0.13848755 0.99015790 3.05434771
0.00000000 0.00000000 0.00000000 1.00000000
32	32	14
0.99884182 0.03981134 0.02701977 2.75655297
-0.04317975 0.98943797 0.13837637 0.32418998
-0.02122543 -0.13938281 0.99001107 2.96538219
0.00000000 0.00000000 0.00000000 1.00000000
33	33	14
0.99880199 0.04142212 0.02605351 2.71303087
-0.04464652 0.98933198 0.13866841 0.19315895
-0.02003163 -0.13966548 0.98999610 3.03141268
0.00000000 0.00000000 0.00000000 1.00000000
34	34	14
0.99879125 0.04004340 0.02850561 2.65830345
-0.04366104 0.98914490 0.14030709 0.24428562
-0.02257780 -0.14138208 0.98969761 2.81336878
0.00000000 0.00000000 0.00000000 1.00000000
35	35	14
0.99883614 0.03982872 0.02720361 2.64420006
-0.04320017 0.98958159 0.13733910 0.30173093
-0.02145015 -0.13835445 0.99015046 2.90027864
0.00000000 0.00000000 0.00000000 1.00000000
36	36	14
0.99863084 0.04280734 0.03006617 2.54455118
-0.04658133 0.98923422 0.13872939 -0.00755361
-0.02380385 -0.13993997 0.98987382 2.72794442
0.00000000 0.00000000 0.00000000 1.00000000
37	37	14
0.99859791 0.03938432 0.03537071 2.38313559
-0.04380954 0.98993359 0.13458160 0.27450917
-0.02971424 -0.13594248 0.99027103 2.21278360
0.00000000 0.00000000 0.00000000 1.00000000
38	38	14
0.99852802 0.04136827 0.03507782 2.34018018
-0.04591000 0.98901510 0.14050410 -0.02858921
-0.02888008 -0.14190771 0.98945851 2.30079631
0.00000000 0.00000000 0.00000000 1.00000000
39	39	14
0.99848901 0.04315022 0.03402578 2.34141737
-0.04766374 0.98821205 0.14548238 -0.32893029
-0.02734709 -0.14688435 0.98877557 2.40742283
0.00000000 0.00000000 0.00000000 1.00000000
40	40	14
0.99851762 0.04356569 0.03262805 2.37388769
-0.04799719 0.98746277 0.15037803 -0.55235981
-0.02566767 -0.15172117 0.98809001 2.58237241
0.00000000 0.00000000 0.00000000 1.00000000
41	41	14
0.99867953 0.04175624 0.02992666 2.46979061
-0.04574220 0.98792611 0.14801910 -0.28550971
-0.02338461 -0.14919256 0.98853161 2.72402260
0.00000000 0.00000000 0.00000000 1.00000000
42	42	14
0.99871645 0.04222547 0.02797240 2.51414458
-0.04582435 0.98853649 0.14386011 -0.13865293
-0.02157717 -0.14495727 0.98920262 2.84235078
0.00000000 0.00000000 0.00000000 1.00000000
43	43	14
0.99884457 0.03959850 0.02723020 2.52501816
-0.04322474 0.98790296 0.14892738 -0.11610429
-0.02100349 -0.14993233 0.98847314 2.92555692
0.00000000 0.00000000 0.00000000 1.00000000
44	44	14
0.99876169 0.04130744 0.02772678 2.48560762
-0.04499036 0.98781796 0.14896830 -0.25653444
-0.02123551 -0.15003127 0.98845317 2.90085439
0.00000000 0.00000000 0.00000000 1.00000000
45	45	14
0.99860778 0.04357833 0.02972262 2.35615489
-0.04753896 0.98768039 0.14908885 -0.48210412
-0.02285941 -0.15029427 0.98837699 2.79677784
0.00000000 0.00000000 0.00000000 1.00000000
46	46	14
0.99874725 0.04141423 0.02808543 2.45484274
-0.04516171 0.98772779 0.14951329 -0.32286663
-0.02154878 -0.15059437 0.98836076 2.90861500
0.00000000 0.00000000 0.00000000 1.00000000
47	47	14
0.99874115 0.04032926 0.02982717 2.30175003
-0.04423809 0.98847702 0.14476246 0.06291163
-0.02364531 -0.14589972 0.98901677 2.68635317
0.00000000 0.00000000 0.00000000 1.00000000
48	48	14
0.99871934 0.04113207 0.02945898 2.30663987
-0.04492045 0.98880766 0.14227283 0.15294962
-0.02327729 -0.14341394 0.98938901 2.57286476
0.00000000 0.00000000 0.00000000 1.00000000
49	49	14
0.99869023 0.04275416 0.02810544 2.32842146
-0.04629766 0.98896895 0.14070163 0.04819969
-0.02177983 -0.14181856 0.98965304 2.65076419
0.00000000 0.00000000 0.00000000 1.00000000
50	50	14
0.99879954 0.03930681 0.02923117 2.22935349
-0.04299771 0.98939144 0.13876520 0.44343718
-0.02346665 -0.13985549 0.98989381 2.51144147
0.00000000 0.00000000 0.00000000 1.00000000
51	51	14
0.99895390 0.03470040 0.02978246 2.18132787
-0.03863585 0.98885730 0.14376544 0.35208029
-0.02446189 -0.14476572 0.98916354 2.46981574
0.00000000 0.00000000 0.00000000 1.00000000
52	52	14
0.99890383 0.03634281 0.02950164 2.16481522
-0.04014515 0.98924634 0.14064155 0.46066953
-0.02407308 -0.14167173 0.98962094 2.48510852
0.00000000 0.00000000 0.00000000 1.00000000
53	53	14
0.99898312 0.03394899 0.02966790 2.13554410
-0.03784667 0.98905615 0.14260283 0.45312750
-0.02450200 -0.14358065 0.98933526 2.47931525
0.00000000 0.00000000 0.00000000 1.00000000
54	54	14
0.99897308 0.03290710 0.03114334 2.01420317
-0.03716135 0.98833317 0.14770433 0.05858169
-0.02591948 -0.14870998 0.98854111 2.45457173
0.00000000 0.00000000 0.00000000 1.00000000
55	55	14
0.99901334 0.03270118 0.03004952 2.10456560
-0.03677323 0.98847571 0.14684515 0.17164096
-0.02490121 -0.14780529 0.98870295 2.53614061
0.00000000 0.00000000 0.00000000 1.00000000
56	56	14
0.99907053 0.03125710 0.02968280 2.13606323
-0.03536232 0.98809382 0.14973349 0.01124741
-0.02464916 -0.15064397 0.98828074 2.63647818
0.00000000 0.00000000 0.00000000 1.00000000
57	57	14
0.99917879 0.02690187 0.03029911 2.09773181
-0.03120771 0.98788422 0.15202250 0.14481962
-0.02584232 -0.15284322 0.98791251 2.58083154
0.00000000 0.00000000 0.00000000 1.00000000
58	58	14
0.99914440 0.02881642 0.02966616 2.16605566
-0.03300078 0.98784416 0.15190413 -0.02251865
-0.02492821 -0.15275317 0.98794993 2.67050803
0.00000000 0.00000000 0.00000000 1.00000000
59	59	14
0.99921117 0.02829707 0.02786223 2.37174468
-0.03222014 0.98781415 0.15226644 -0.02654613
-0.02321401 -0.15304405 0.98794667 2.84221464
0.00000000 0.00000000 0.00000000 1.00000000
60	60	14
0.99930657 0.02577730 0.02686833 2.49280000
-0.02967227 0.98724176 0.15643931 -0.21594070
-0.02249295 -0.15712807 0.98732205 2.97930034
0.00000000 0.00000000 0.00000000 1.00000000
61	61	14
0.99935127 0.02544372 0.02548849 2.65780022
-0.02918092 0.98684534 0.15901177 -0.45020858
-0.02110735 -0.15965239 0.98694762 3.14011626
0.00000000 0.00000000 0.00000000 1.00000000
62	62	14
0.99943004 0.02276649 0.02492551 2.76081153
-0.02652179 0.98634810 0.16252390 -0.56044496
-0.02088513 -0.16309234 0.98638973 3.22025114
0.00000000 0.00000000 0.00000000 1.00000000
63	63	14
0.99947162 0.02239390 0.02355836 2.93965703
-0.02596552 0.98607502 0.16426153 -0.69223909
-0.01955185 -0.16478644 0.98613546 3.36280923
0.00000000 0.00000000 0.00000000 1.00000000
64	64	14
0.99949698 0.02240092 0.02244979 3.08968573
-0.02568525 0.98699265 0.15870029 -0.08621153
-0.01860274 -0.15919709 0.98707154 3.35519850
0.00000000 0.00000000 0.00000000 1.00000000
65	65	14
0.99949738 0.02270873 0.02212019 3.14773950
-0.02591229 0.98719831 0.15737869 0.03760197
-0.01826314 -0.15787277 0.98729056 3.36205605
0.00000000 0.00000000 0.00000000 1.00000000
66	66	14
0.99946828 0.02245684 0.02364007 2.99638838
-0.02597667 0.98660751 0.16103052 -0.30409315
-0.01970723 -0.16155899 0.98666626 3.24275238
0.00000000 0.00000000 0.00000000 1.00000000
67	67	14
0.99946084 0.02328068 0.02315244 3.04341652
-0.02666484 0.98697571 0.15864408 -0.12518238
-0.01915756 -0.15917590 0.98706435 3.26900657
0.00000000 0.00000000 0.00000000 1.00000000
68	68	14
0.99942322 0.02366323 0.02435751 2.86254884
-0.02729746 0.98646060 0.16171065 -0.50642636
-0.02020112 -0.16228228 0.98653757 3.18752571
0.00000000 0.00000000 0.00000000 1.00000000
69	69	14
0.99938312 0.02438673 0.02527187 2.74912371
-0.02822538 0.98592528 0.16478672 -0.91274905
-0.02089756 -0.16539837 0.98600541 3.16001097
0.00000000 0.00000000 0.00000000 1.00000000
70	70	14
0.99944806 0.02231559 0.02460876 2.80844257
-0.02607224 0.98598596 0.16477841 -0.63605101
-0.02058677 -0.16532906 0.98602357 3.18806619
0.00000000 0.00000000 0.00000000 1.00000000
71	71	14
0.99938163 0.02331000 0.02632500 2.60490061
-0.02744180 0.98515621 0.16945260 -1.28755239
-0.02198430 -0.17007022 0.98518669 3.08980897
0.00000000 0.00000000 0.00000000 1.00000000
72	72	14
0.99946254 0.02030767 0.02573396 2.66768604
-0.02435242 0.98546248 0.16813882 -0.74903760
-0.02194534 -0.16867513 0.98542737 3.05259382
0.00000000 0.00000000 0.00000000 1.00000000
73	73	14
0.99931323 0.02610036 0.02630295 2.60973587
-0.03019445 0.98503004 0.16971775 -1.71094503
-0.02147950 -0.17039539 0.98514164 3.13185973
0.00000000 0.00000000 0.00000000 1.00000000
74	74	14
0.99932712 0.02723894 0.02456301 2.80306118
-0.03090344 0.98599805 0.16386833 -1.29836796
-0.01975548 -0.16451715 0.98617637 3.27663421
0.00000000 0.00000000 0.00000000 1.00000000
75	75	14
0.99939152 0.02726160 0.02175749 3.07153160
-0.03026257 0.98787485 0.15227426 -0.23858060
-0.01734244 -0.15284004 0.98809876 3.45905790
0.00000000 0.00000000 0.00000000 1.00000000
76	76	14
0.99939766 0.02614643 0.02281843 3.01698868
-0.02938218 0.98740507 0.15546036 -0.35828789
-0.01846630 -0.15603717 0.98757855 3.30461136
0.00000000 0.00000000 0.00000000 1.00000000
77	77	14
0.99927225 0.02854082 0.02530591 2.84355235
-0.03219752 0.98684894 0.15840606 -0.97731019
-0.02045207 -0.15910557 0.98704971 3.02433737
0.00000000 0.00000000 0.00000000 1.00000000
78	78	14
0.99921017 0.02897517 0.02719317 2.71865643
-0.03298749 0.98638740 0.16109538 -1.27312390
-0.02215524 -0.16186517 0.98656414 2.76354771
0.00000000 0.00000000 0.00000000 1.00000000
79	79	14
0.99927060 0.02625387 0.02773102 2.72073890
-0.03036797 0.98661188 0.16023351 -0.76367327
-0.02315301 -0.16095877 0.98668952 2.55361217
0.00000000 0.00000000 0.00000000 1.00000000
80	80	14
0.99914049 0.02966802 0.02894994 2.61256168
-0.03398877 0.98613070 0.16245312 -1.50326533
-0.02372876 -0.16329746 0.98629148 2.45179438
0.00000000 0.00000000 0.00000000 1.00000000
81	81	14
0.99914007 0.02881029 0.02981761 2.57960172
-0.03340279 0.98535607 0.16720547 -1.72278761
-0.02456373 -0.16805768 0.98547107 2.36016546
0.00000000 0.00000000 0.00000000 1.00000000
82	82	14
0.99928746 0.02499920 0.02827758 2.73775193
-0.02936444 0.98563234 0.16633285 -1.01227072
-0.02371311 -0.16704468 0.98566412 2.48147630
0.00000000 0.00000000 0.00000000 1.00000000
83	83	14
0.99930692 0.02540796 0.02720510 2.83245515
-0.02970501 0.98474682 0.17143896 -1.35739327
-0.02243422 -0.17212827 0.98481905 2.74267251
0.00000000 0.00000000 0.00000000 1.00000000
84	84	14
0.99930989 0.02412363 0.02824537 2.79999707
-0.02860789 0.98485636 0.17099571 -1.09659966
-0.02369259 -0.17168574 0.98486683 2.49336913
0.00000000 0.00000000 0.00000000 1.00000000
85	85	14
0.99936729 0.02230259 0.02770576 2.86488579
-0.02668244 0.98518606 0.16940035 -0.56604759
-0.02351726 -0.17003243 0.98515781 2.45584726
0.00000000 0.00000000 0.00000000 1.00000000
86	86	14
0.99925772 0.02671282 0.02775668 2.82079977
-0.03100398 0.98531608 0.16790168 -1.34273524
-0.02286398 -0.16863762 0.98541290 2.54739577
0.00000000 0.00000000 0.00000000 1.00000000
87	87	14
0.99919228 0.02825953 0.02856914 2.76996835
-0.03263881 0.98545926 0.16674758 -1.59952721
-0.02344152 -0.16754536 0.98558564 2.43410881
0.00000000 0.00000000 0.00000000 1.00000000
88	88	14
0.99924206 0.02720002 0.02784722 2.81512589
-0.03141926 0.98588568 0.16444532 -1.25149054
-0.02298126 -0.16519562 0.98599304 2.50653154
0.00000000 0.00000000 0.00000000 1.00000000
89	89	14
0.99931834 0.02554825 0.02664855 2.88673607
-0.02956815 0.98611623 0.16340287 -0.85538982
-0.02210391 -0.16407944 0.98619945 2.67415470
0.00000000 0.00000000 0.00000000 1.00000000
90	90	14
0.99937056 0.02442482 0.02572770 2.91395554
-0.02844153 0.98510843 0.16956549 -0.87741670
-0.02120297 -0.17019049 0.98518304 2.92004483
0.00000000 0.00000000 0.00000000 1.00000000
91	91	14
0.99944560 0.02169222 0.02525744 2.94907416
-0.02573968 0.98460156 0.17290815 -0.47440027
-0.02111775 -0.17346241 0.98461405 2.97495026
0.00000000 0.00000000 0.00000000 1.00000000
92	92	14
0.99948827 0.01934331 0.02547613 2.96635958
-0.02354993 0.98396046 0.17682539 -0.18666068
-0.02164712 -0.17733486 0.98391247 2.92110269
0.00000000 0.00000000 0.00000000 1.00000000
93	93	14
0.99944114 0.02052456 0.02638464 2.93328300
-0.02483042 0.98427223 0.17490463 -0.34212483
-0.02237983 -0.17546202 0.98423179 2.77826721
0.00000000 0.00000000 0.00000000 1.00000000
94	94	14
0.99939852 0.02061045 0.02788934 2.88310952
-0.02514184 0.98453710 0.17336260 -0.34217668
-0.02388501 -0.17395951 0.98446310 2.49861003
0.00000000 0.00000000 0.00000000 1.00000000
95	95	14
0.99938927 0.02047790 0.02831496 2.87556460
-0.02506483 0.98468490 0.17253230 -0.30548366
-0.02434821 -0.17313664 0.98459680 2.41599192
0.00000000 0.00000000 0.00000000 1.00000000
96	96	14
0.99940553 0.01906937 0.02872184 2.87018046
-0.02383856 0.98407922 0.17612442 -0.15239019
-0.02490599 -0.17670441 0.98394880 2.34501828
0.00000000 0.00000000 0.00000000 1.00000000
97	97	14
0.99942497 0.01819391 0.02861328 2.86748762
-0.02292758 0.98431000 0.17495185 0.04647639
-0.02498127 -0.17550728 0.98416113 2.32825092
0.00000000 0.00000000 0.00000000 1.00000000
98	98	14
0.99947167 0.01739094 0.02745799 2.89582145
-0.02187886 0.98473214 0.17269606 0.27519443
-0.02403542 -0.17320557 0.98459237 2.47186610
0.00000000 0.00000000 0.00000000 1.00000000
99	99	14
0.99948803 0.01696901 0.02712434 2.89376726
-0.02136522 0.98503302 0.17103647 0.41392676
-0.02381605 -0.17152843 0.98489126 2.47554389
0.00000000 0.00000000 0.00000000 1.00000000
100	100	14
0.99954819 0.01378054 0.02671157 2.90958455
-0.01822381 0.98457877 0.17399003 0.86066034
-0.02390197 -0.17439820 0.98438507 2.45192363
0.00000000 0.00000000 0.00000000 1.00000000
101	101	14
0.99955172 0.01353105 0.02670717 2.90577036
-0.01804062 0.98411811 0.17659582 0.87582753
-0.02389349 -0.17699847 0.98392106 2.46965220
0.00000000 0.00000000 0.00000000 1.00000000
102	102	14
0.99958089 0.01222365 0.02624159 2.93808006
-0.01656385 0.98493174 0.17214847 1.16421469
-0.02374189 -0.17251099 0.98472142 2.47218864
0.00000000 0.00000000 0.00000000 1.00000000
103	103	14
0.99954257 0.01083942 0.02823407 2.94051420
-0.01510755 0.98769706 0.15564795 1.47653299
-0.02619958 -0.15600330 0.98740901 2.01511960
0.00000000 0.00000000 0.00000000 1.00000000
104	104	14
0.99963461 0.00821599 0.02575143 3.00437102
-0.01216871 0.98747282 0.15731925 1.93676683
-0.02413631 -0.15757513 0.98721199 2.33865931
0.00000000 0.00000000 0.00000000 1.00000000
105	105	14
0.99961726 0.00793074 0.02650356 3.02453910
-0.01196841 0.98770827 0.15584973 1.97369721
-0.02494178 -0.15610729 0.98742515 2.18754165
0.00000000 0.00000000 0.00000000 1.00000000
106	106	14
0.99963000 0.00852566 0.02582967 3.04674021
-0.01242556 0.98786573 0.15481246 1.92465493
-0.02419637 -0.15507613 0.98760616 2.29229388
0.00000000 0.00000000 0.00000000 1.00000000
107	107	14
0.99965872 0.00600900 0.02542322 3.07064419
-0.00985502 0.98802516 0.15397780 2.28082157
-0.02419353 -0.15417580 0.98774718 2.29555287
0.00000000 0.00000000 0.00000000 1.00000000
108	108	14
0.99969348 0.00436691 0.02436944 3.06755349
-0.00796976 0.98868883 0.14976940 2.48015709
-0.02343976 -0.14991771 0.98842059 2.37159833
0.00000000 0.00000000 0.00000000 1.00000000
109	109	14
0.99966990 0.00805229 0.02439770 3.05822006
-0.01160582 0.98873738 0.14921027 1.92551673
-0.02292144 -0.14944418 0.98850445 2.44449450
0.00000000 0.00000000 0.00000000 1.00000000
110	110	14
0.99967149 0.01022457 0.02350240 3.02241516
-0.01349952 0.98952737 0.14371270 1.45636130
-0.02178687 -0.14398276 0.98934033 2.61959128
0.00000000 0.00000000 0.00000000 1.00000000
111	111	14
0.99972601 0.00973437 0.02128705 2.95409113
-0.01269081 0.98957029 0.14349071 1.57081348
-0.01966824 -0.14372155 0.98942270 2.95142521
0.00000000 0.00000000 0.00000000 1.00000000
112	112	14
0.99973571 0.00843445 0.02138635 2.96367346
-0.01139154 0.98977807 0.14216052 1.73656813
-0.01996869 -0.14236657 0.98961256 2.90407914
0.00000000 0.00000000 0.00000000 1.00000000
113	113	14
0.99966951 0.01200589 0.02273158 2.99646558
-0.01509543 0.98988956 0.14103468 1.13887650
-0.02080851 -0.14133121 0.98974365 2.78181917
0.00000000 0.00000000 0.00000000 1.00000000
114	114	14
0.99965507 0.01316098 0.02272740 3.00303660
-0.01620836 0.99007758 0.13958390 0.90756795
-0.02066483 -0.13990413 0.98994939 2.81895570
0.00000000 0.00000000 0.00000000 1.00000000
115	115	14
0.99963941 0.01020843 0.02483621 3.12397209
-0.01353486 0.99038271 0.13769130 1.21457473
-0.02319174 -0.13797780 0.99016376 2.42644098
0.00000000 0.00000000 0.00000000 1.00000000
116	116	14
0.99960125 0.01209470 0.02551582 3.16037559
-0.01547722 0.99047227 0.13683981 0.87786876
-0.02361767 -0.13718016 0.99026451 2.35856727
0.00000000 0.00000000 0.00000000 1.00000000
117	117	14
0.99954895 0.01059427 0.02810100 3.31265037
-0.01424785 0.99098880 0.13318485 0.83869915
-0.02643678 -0.13352515 0.99069275 1.96231180
0.00000000 0.00000000 0.00000000 1.00000000
118	118	14
0.99949248 0.01073832 0.02999131 3.41886529
-0.01468763 0.99077248 0.13473738 0.88357728
-0.02826771 -0.13510950 0.99042736 1.66242036
0.00000000 0.00000000 0.00000000 1.00000000
119	119	14
0.99948568 0.01142444 0.02996440 3.40118205
-0.01528796 0.99112397 0.13205887 0.62127796
-0.02818973 -0.13244904 0.99078887 1.67061399
0.00000000 0.00000000 0.00000000 1.00000000
120	120	14
0.99950888 0.01084485 0.02940062 3.35403480
-0.01454312 0.99158335 0.12865051 0.49194554
-0.02775797 -0.12901490 0.99125408 1.75254229
0.00000000 0.00000000 0.00000000 1.00000000
121	121	14
0.99950065 0.00967505 0.03008075 3.40736618
-0.01346189 0.99163682 0.12835575 0.65240883
-0.02858733 -0.12869660 0.99127188 1.63166896
0.00000000 0.00000000 0.00000000 1.00000000
122	122	14
0.99949792 0.00715659 0.03086569 3.46596477
-0.01108343 0.99158337 0.12899450 1.06336372
-0.02968274 -0.12927184 0.99116483 1.45212639
0.00000000 0.00000000 0.00000000 1.00000000
123	123	14
0.99947150 0.00601118 0.03194674 3.54172271
-0.01007394 0.99164827 0.12857773 1.20382728
-0.03090702 -0.12883161 0.99118473 1.24685788
0.00000000 0.00000000 0.00000000 1.00000000
124	124	14
0.99943326 0.00511055 0.03327233 3.64068811
-0.00935479 0.99164138 0.12868514 1.33557488
-0.03233657 -0.12892346 0.99112718 1.00714520
0.00000000 0.00000000 0.00000000 1.00000000
125	125	14
0.99943016 0.00390395 0.03352783 3.66494518
-0.00818699 0.99166571 0.12857717 1.50961676
-0.03274644 -0.12877839 0.99113258 0.92405666
0.00000000 0.00000000 0.00000000 1.00000000
126	126	14
0.99944634 0.00469456 0.03293908 3.60655138
-0.00885794 0.99180994 0.12741500 1.30979026
-0.03207115 -0.12763622 0.99130239 1.03259438
0.00000000 0.00000000 0.00000000 1.00000000
127	127	14
0.99943323 0.00505168 0.03328200 3.63494008
-0.00917106 0.99213836 0.12480929 1.00239989
-0.03238985 -0.12504379 0.99162238 0.98690128
0.00000000 0.00000000 0.00000000 1.00000000
128	128	14
0.99940527 0.00780011 0.03358961 3.65330581
-0.01198392 0.99193008 0.12621845 0.75945799
-0.03233403 -0.12654592 0.99143363 0.95620158
0.00000000 0.00000000 0.00000000 1.00000000
129	129	14
0.99941104 0.00724116 0.03354321 3.63909382
-0.01136990 0.99214396 0.12458364 0.64301002
-0.03237756 -0.12489165 0.99164196 0.96329658
0.00000000 0.00000000 0.00000000 1.00000000
130	130	14
0.99940719 0.00701777 0.03370490 3.64169042
-0.01116010 0.99217788 0.12433224 0.63427202
-0.03256872 -0.12463468 0.99166803 0.93199965
0.00000000 0.00000000 0.00000000 1.00000000
131	131	14
0.99941920 0.00718393 0.03331143 3.59032471
-0.01128135 0.99215569 0.12449825 0.63144055
-0.03215574 -0.12480174 0.99166049 0.99622629
0.00000000 0.00000000 0.00000000 1.00000000
132	132	14
0.99942764 0.00732723 0.03302591 3.54826539
-0.01140380 0.99209218 0.12499228 0.68051040
-0.03184890 -0.12529736 0.99160790 1.04768686
0.00000000 0.00000000 0.00000000 1.00000000
133	133	14
0.99940465 0.00784983 0.03359644 3.61004353
-0.01194801 0.99226283 0.12357879 0.43029248
-0.03236642 -0.12390662 0.99176588 0.99554716
0.00000000 0.00000000 0.00000000 1.00000000
134	134	14
0.99940144 0.00815278 0.03361984 3.61170144
-0.01224075 0.99230101 0.12324312 0.31400234
-0.03235623 -0.12358088 0.99180686 0.97099636
0.00000000 0.00000000 0.00000000 1.00000000
135	135	14
0.99940732 0.00760257 0.03357388 3.62178849
-0.01170419 0.99224869 0.12371562 0.39687786
-0.03237308 -0.12403525 0.99174959 0.92886011
0.00000000 0.00000000 0.00000000 1.00000000
136	136	14
0.99943422 0.00666738 0.03296637 3.55659180
-0.01074340 0.99209142 0.12505679 0.64978520
-0.03187185 -0.12534021 0.99160174 1.00384685
0.00000000 0.00000000 0.00000000 1.00000000
137	137	14
0.99942558 0.00674121 0.03321247 3.58412161
-0.01085640 0.99205574 0.12532974 0.64112438
-0.03210375 -0.12561832 0.99155907 0.98155559
0.00000000 0.00000000 0.00000000 1.00000000
138	138	14
0.99941875 0.00758213 0.03323651 3.57778259
-0.01168742 0.99207259 0.12512149 0.46379282
-0.03202435 -0.12543721 0.99158456 0.99142238
0.00000000 0.00000000 0.00000000 1.00000000
139	139	14
0.99940353 0.00710026 0.03379591 3.64447528
-0.01138445 0.99166796 0.12831624 0.80173872
-0.03260325 -0.12862445 0.99115729 0.87543937
0.00000000 0.00000000 0.00000000 1.00000000
140	140	14
0.99940690 0.00732999 0.03364698 3.65692936
-0.01155576 0.99181349 0.12717103 0.60673224
-0.03243936 -0.12748442 0.99130995 0.91906217
0.00000000 0.00000000 0.00000000 1.00000000
141	141	14
0.99938083 0.00820216 0.03421529 3.74519334
-0.01243198 0.99204014 0.12530683 0.23924880
-0.03291515 -0.12565461 0.99152787 0.88979665
0.00000000 0.00000000 0.00000000 1.00000000
142	142	14
0.99936470 0.00954939 0.03433670 3.81434757
-0.01368324 0.99240492 0.12225075 -0.28714410
-0.03290849 -0.12264292 0.99190511 0.95591214
0.00000000 0.00000000 0.00000000 1.00000000
143	143	14
0.99936360 0.00924450 0.03445205 3.89178707
-0.01353312 0.99188600 0.12640812 0.08702796
-0.03300393 -0.12679392 0.99137987 0.95880674
0.00000000 0.00000000 0.00000000 1.00000000
144	144	14
0.99944432 0.00707628 0.03257272 3.74929402
-0.01118473 0.99174539 0.12773400 0.57549694
-0.03139997 -0.12802734 0.99127345 1.23898292
0.00000000 0.00000000 0.00000000 1.00000000
145	145	14
0.99946653 0.00735247 0.03182144 3.71505223
-0.01132060 0.99191762 0.12637749 0.38593896
-0.03063506 -0.12667031 0.99147170 1.41180006
0.00000000 0.00000000 0.00000000 1.00000000
146	146	14
0.99948404 0.00637011 0.03148128 3.71542078
-0.01028596 0.99199755 0.12583747 0.45639578
-0.03042775 -0.12609636 0.99155124 1.48103363
0.00000000 0.00000000 0.00000000 1.00000000
147	147	14
0.99946069 0.00711368 0.03205812 3.80439529
-0.01100856 0.99234468 0.12300754 0.02916567
-0.03093767 -0.12329412 0.99188781 1.43055516
0.00000000 0.00000000 0.00000000 1.00000000
148	148	14
0.99936463 0.00890574 0.03451118 4.07450040
-0.01321567 0.99184721 0.12674561 0.10592482
-0.03310105 -0.12712117 0.99133472 1.09709123
0.00000000 0.00000000 0.00000000 1.00000000
149	149	14
0.99957782 0.00829636 0.02784523 3.48018726
-0.01180270 0.99167503 0.12822377 0.45759673
-0.02654963 -0.12849828 0.99135428 2.08728497
0.00000000 0.00000000 0.00000000 1.00000000
150	150	14
0.99963563 0.00919588 0.02537792 3.28521806
-0.01227773 0.99219498 0.12409018 -0.04921244
-0.02403873 -0.12435655 0.99194636 2.50397524
0.00000000 0.00000000 0.00000000 1.00000000
151	151	14
0.99964223 0.01019666 0.02472713 3.25700932
-0.01334878 0.99131013 0.13086646 0.48571924
-0.02317785 -0.13114972 0.99109159 2.56861179
0.00000000 0.00000000 0.00000000 1.00000000
152	152	14
0.99974839 0.00880921 0.02062876 2.88646308
-0.01155719 0.99048513 0.13713362 1.37065888
-0.01922444 -0.13733753 0.99033773 3.14385939
0.00000000 0.00000000 0.00000000 1.00000000
153	153	14
0.99974027 0.00810402 0.02130080 2.96723684
-0.01120675 0.98864594 0.14984527 2.75959665
-0.01984460 -0.15004507 0.98847998 2.94660002
0.00000000 0.00000000 0.00000000 1.00000000
154	154	14
0.99972096 0.00891347 0.02187601 3.02548992
-0.01211403 0.98848363 0.15084221 2.75094936
-0.02027955 -0.15106513 0.98831577 2.92755113
0.00000000 0.00000000 0.00000000 1.00000000
155	155	14
0.99971175 0.00992994 0.02185886 2.99870482
-0.01311075 0.98851376 0.15056113 2.58726621
-0.02011272 -0.15080432 0.98835901 2.87916109
0.00000000 0.00000000 0.00000000 1.00000000
156	156	14
0.99975756 0.00763516 0.02065235 2.84660156
-0.01037313 0.99066785 0.13590292 1.51766451
-0.01942198 -0.13608420 0.99050688 3.05916345
0.00000000 0.00000000 0.00000000 1.00000000
157	157	14
0.99978938 0.00323339 0.02026697 2.82287116
-0.00488977 0.99660228 0.08221911 -3.07181867
-0.01993227 -0.08230090 0.99640818 3.34563272
0.00000000 0.00000000 0.00000000 1.00000000
158	158	14
0.99979010 0.00343090 0.02019846 2.83194353
-0.00493561 0.99717700 0.07492450 -3.75685380
-0.01988438 -0.07500846 0.99698462 3.38741888
0.00000000 0.00000000 0.00000000 1.00000000
159	159	14
0.99980568 0.00280711 0.01951226 2.77140410
-0.00446300 0.99634139 0.08534588 -2.74137288
-0.01920129 -0.08541638 0.99616030 3.42489405
0.00000000 0.00000000 0.00000000 1.00000000
160	160	14
0.99979802 0.00233166 0.01996184 2.80773988
-0.00406633 0.99617328 0.08730554 -2.50544214
-0.01968188 -0.08736907 0.99598156 3.40310568
0.00000000 0.00000000 0.00000000 1.00000000
161	161	14
0.99982093 0.00247422 0.01876143 2.70431641
-0.00407952 0.99628550 0.08601490 -2.64463234
-0.01847892 -0.08607603 0.99611719 3.50929064
0.00000000 0.00000000 0.00000000 1.00000000
162	162	14
0.99985702 0.00442928 0.01631961 2.47265921
-0.00595209 0.99550914 0.09447822 -1.98400380
-0.01582785 -0.09456185 0.99539316 3.69419734
0.00000000 0.00000000 0.00000000 1.00000000
163	163	14
0.99988495 0.00237079 0.01498232 2.34660304
-0.00382014 0.99523186 0.09746257 -1.51502894
-0.01467982 -0.09750859 0.99512641 3.78333663
0.00000000 0.00000000 0.00000000 1.00000000
164	164	14
0.99988111 0.00186541 0.01530613 2.37331905
-0.00327089 0.99572394 0.09232080 -1.95268554
-0.01506847 -0.09235989 0.99561167 3.77478219
0.00000000 0.00000000 0.00000000 1.00000000
165	165	14
0.99987877 0.00362141 0.01514351 2.36210977
-0.00465213 0.99763394 0.06859212 -4.17456097
-0.01485928 -0.06865426 0.99752985 3.86887514
0.00000000 0.00000000 0.00000000 1.00000000
166	166	14
0.99986601 0.00479011 0.01565278 2.40433181
-0.00565039 0.99844902 0.05538626 -5.43000298
-0.01536319 -0.05546728 0.99834230 3.87355845
0.00000000 0.00000000 0.00000000 1.00000000
167	167	14
0.99985052 0.00552211 0.01638416 2.48533395
-0.00665909 0.99751265 0.07017239 -4.14890349
-0.01595591 -0.07027100 0.99740032 3.80315343
0.00000000 0.00000000 0.00000000 1.00000000
168	168	14
0.99983127 0.00586894 0.01740664 2.57072727
-0.00687249 0.99828331 0.05816537 -5.23700004
-0.01703539 -0.05827518 0.99815520 3.82846440
0.00000000 0.00000000 0.00000000 1.00000000
169	169	14
0.99983042 0.00669004 0.01715755 2.52650613
-0.00779659 0.99783787 0.06525954 -4.61933744
-0.01668386 -0.06538224 0.99772081 3.85748259
0.00000000 0.00000000 0.00000000 1.00000000
170	170	14
0.99980474 0.00756260 0.01825648 2.64377192
-0.00870215 0.99796491 0.06316895 -4.82994004
-0.01774160 -0.06331548 0.99783585 3.85995871
0.00000000 0.00000000 0.00000000 1.00000000
171	171	14
0.99978958 0.00821742 0.01879552 2.66966292
-0.00917155 0.99864354 0.05125393 -5.87079151
-0.01834885 -0.05141553 0.99850877 3.88408670
0.00000000 0.00000000 0.00000000 1.00000000
172	172	14
0.99978740 0.00828974 0.01887945 2.68934929
-0.00928252 0.99854502 0.05311944 -5.65342736
-0.01841163 -0.05328340 0.99840968 3.90589599
0.00000000 0.00000000 0.00000000 1.00000000
173	173	14
0.99978953 0.00891485 0.01847758 2.67353966
-0.00968721 0.99906471 0.04214090 -6.59081518
-0.01808462 -0.04231103 0.99894080 3.92309151
0.00000000 0.00000000 0.00000000 1.00000000
174	174	14
0.99987641 0.00778183 0.01366064 2.24246963
-0.00821097 0.99946547 0.03164433 -7.50057799
-0.01340709 -0.03175259 0.99940583 4.08015073
0.00000000 0.00000000 0.00000000 1.00000000
175	175	14
0.99987319 0.00820332 0.01364974 2.25557348
-0.00862187 0.99948552 0.03089266 -7.52939663
-0.01338930 -0.03100643 0.99942950 4.09764215
0.00000000 0.00000000 0.00000000 1.00000000
176	176	14
0.99988754 0.00813956 0.01259550 2.16493271
-0.00856428 0.99938371 0.03404199 -7.21998551
-0.01231065 -0.03414603 0.99934103 4.09065833
0.00000000 0.00000000 0.00000000 1.00000000
177	177	14
0.99990174 0.00875471 0.01094853 2.02817926
-0.00909256 0.99947184 0.03119887 -7.46285926
-0.01066961 -0.03129535 0.99945323 4.10075504
0.00000000 0.00000000 0.00000000 1.00000000
178	178	14
0.99989224 0.00966855 0.01104642 2.02187199
-0.00998696 0.99952537 0.02914261 -7.68469764
-0.01075941 -0.02924979 0.99951422 4.09250687
0.00000000 0.00000000 0.00000000 1.00000000
179	179	14
0.99989749 0.00838330 0.01160699 2.02701952
-0.00874357 0.99947042 0.03134384 -7.50688153
-0.01133808 -0.03144211 0.99944126 4.09641652
0.00000000 0.00000000 0.00000000 1.00000000
180	180	14
0.99993078 0.00700221 0.00945570 1.77725197
-0.00716305 0.99982839 0.01708444 -8.92361545
-0.00933445 -0.01715099 0.99980934 4.10319297
0.00000000 0.00000000 0.00000000 1.00000000
181	181	14
0.99994588 -0.00826507 0.00631947 1.43840625
0.00816142 0.99983456 0.01625531 -9.01643155
-0.00645277 -0.01620285 0.99984790 4.14373211
0.00000000 0.00000000 0.00000000 1.00000000
182	182	14
0.99991024 -0.00969084 0.00925230 1.67080895
0.00956022 0.99985545 0.01405959 -9.24673349
-0.00938721 -0.01396987 0.99985835 4.14823681
0.00000000 0.00000000 0.00000000 1.00000000
183	183	14
0.99992299 -0.00955889 0.00791416 1.49280132
0.00954545 0.99995294 0.00173361 -10.36355624
-0.00793036 -0.00165794 0.99996718 4.15301393
0.00000000 0.00000000 0.00000000 1.00000000
184	184	14
0.99990146 -0.01083053 0.00893174 1.55248318
0.01080104 0.99993608 0.00334393 -10.23998751
-0.00896739 -0.00324713 0.99995452 4.16228761
0.00000000 0.00000000 0.00000000 1.00000000
185	185	14
0.99989148 -0.01119187 0.00957951 1.57822644
0.01115930 0.99993179 0.00344713 -10.23902273
-0.00961744 -0.00333985 0.99994817 4.16732873
0.00000000 0.00000000 0.00000000 1.00000000
186	186	14
0.99990715 -0.01011191 0.00913410 1.51845863
0.01009370 0.99994698 0.00203724 -10.34152160
-0.00915422 -0.00194485 0.99995621 4.19096047
0.00000000 0.00000000 0.00000000 1.00000000
187	187	14
0.99989691 -0.01214358 0.00766131 1.39376048
0.01213260 0.99992531 0.00147776 -10.37547279
-0.00767868 -0.00138466 0.99996956 4.21972721
0.00000000 0.00000000 0.00000000 1.00000000
188	188	14
0.99988056 -0.01306139 0.00826196 1.40958093
0.01306167 0.99991469 0.00001997 -10.44153583
-0.00826152 0.00008794 0.99996587 4.22521358
0.00000000 0.00000000 0.00000000 1.00000000
189	189	14
0.99993357 -0.01053274 0.00468144 1.16051293
0.01050716 0.99992992 0.00545486 -10.10343574
-0.00473856 -0.00540531 0.99997416 4.23307722
0.00000000 0.00000000 0.00000000 1.00000000
190	190	14
0.99995043 -0.00945990 0.00310575 1.02697237
0.00945927 0.99995524 0.00021896 -10.39494209
-0.00310768 -0.00018958 0.99999515 4.23028125
0.00000000 0.00000000 0.00000000 1.00000000
191	191	14
0.99998074 -0.00620517 0.00009411 0.81590845
0.00620515 0.99998073 0.00021186 -10.38958965
-0.00009542 -0.00021127 0.99999997 4.21712651
0.00000000 0.00000000 0.00000000 1.00000000
192	192	14
0.99997656 -0.00671528 0.00133877 0.84585459
0.00671612 0.99997725 -0.00063045 -10.40494198
-0.00133451 0.00063943 0.99999891 4.21946305
0.00000000 0.00000000 0.00000000 1.00000000
193	193	14
0.99995987 -0.00682203 0.00580727 1.04824513
0.00680659 0.99997325 0.00267590 -10.22798286
-0.00582537 -0.00263627 0.99997956 4.18795295
0.00000000 0.00000000 0.00000000 1.00000000
194	194	14
0.99992935 -0.01108310 0.00429659 0.91533937
0.01107156 0.99993506 0.00269954 -10.24429259
-0.00432623 -0.00265178 0.99998713 4.18586909
0.00000000 0.00000000 0.00000000 1.00000000
195	195	14
0.99991614 -0.01236469 0.00384978 0.83244730
0.01235639 0.99992130 0.00217273 -10.27153664
-0.00387634 -0.00212498 0.99999023 4.18134394
0.00000000 0.00000000 0.00000000 1.00000000
196	196	14
0.99986728 -0.01572730 0.00425118 0.81982456
0.01570948 0.99986781 0.00419189 -10.18461909
-0.00431654 -0.00412455 0.99998218 4.20070892
0.00000000 0.00000000 0.00000000 1.00000000
197	197	14
0.99984227 -0.01748430 0.00311937 0.74097652
0.01747454 0.99984241 0.00313051 -10.22989811
-0.00317362 -0.00307551 0.99999023 4.19708083
0.00000000 0.00000000 0.00000000 1.00000000
198	198	14
0.99982208 -0.01848030 0.00377936 0.73055591
0.01847457 0.99982813 0.00154626 -10.28459454
-0.00380729 -0.00147617 0.99999166 4.18184518
0.00000000 0.00000000 0.00000000 1.00000000
199	199	14
0.99986351 -0.01622193 0.00313100 0.67390134
0.01621854 0.99986786 0.00110579 -10.29371538
-0.00314852 -0.00105486 0.99999449 4.18973599
0.00000000 0.00000000 0.00000000 1.00000000
200	200	14
0.99986794 -0.01605774 0.00250026 0.61033039
0.01605522 0.99987058 0.00102625 -10.29381681
-0.00251642 -0.00098598 0.99999635 4.21417981
0.00000000 0.00000000 0.00000000 1.00000000
201	201	14
0.99990148 -0.01367341 0.00317442 0.58504971
0.01366508 0.99990317 0.00262975 -10.26283940
-0.00321007 -0.00258611 0.99999150 4.21368496
0.00000000 0.00000000 0.00000000 1.00000000
202	202	14
0.99990135 -0.01318832 0.00483312 0.60183669
0.01316917 0.99990539 0.00397243 -10.22238284
-0.00488506 -0.00390839 0.99998043 4.19728124
0.00000000 0.00000000 0.00000000 1.00000000
203	203	14
0.99982613 -0.01764333 0.00603502 0.61108093
0.01762367 0.99983926 0.00329410 -10.23774076
-0.00609217 -0.00318716 0.99997636 4.18981148
0.00000000 0.00000000 0.00000000 1.00000000
204	204	14
0.99977585 -0.02051801 0.00522133 0.54676250
0.02049957 0.99978352 0.00356063 -10.22578013
-0.00529326 -0.00345280 0.99998003 4.18344885
0.00000000 0.00000000 0.00000000 1.00000000
205	205	14
0.99979711 -0.01955871 0.00481722 0.50830784
0.01954502 0.99980485 0.00287337 -10.23465756
-0.00487248 -0.00277864 0.99998427 4.17101289
0.00000000 0.00000000 0.00000000 1.00000000
206	206	14
0.99981063 -0.01870570 0.00536597 0.50143731
0.01868631 0.99981876 0.00364260 -10.20232416
-0.00543314 -0.00354164 0.99997897 4.17055498
0.00000000 0.00000000 0.00000000 1.00000000
207	207	14
0.99982177 -0.01839788 0.00423695 0.43564790
0.01839250 0.99982999 0.00130430 -10.27873643
-0.00426023 -0.00122614 0.99999017 4.17649224
0.00000000 0.00000000 0.00000000 1.00000000
208	208	14
0.99987196 -0.01546056 0.00412747 0.39879036
0.01544818 0.99987613 0.00301286 -10.23832843
-0.00417354 -0.00294872 0.99998694 4.18383075
0.00000000 0.00000000 0.00000000 1.00000000
209	209	14
0.99996087 -0.00845621 0.00259667 0.31935266
0.00846669 0.99995595 -0.00405107 -10.42686856
-0.00256230 0.00407289 0.99998842 4.19427407
0.00000000 0.00000000 0.00000000 1.00000000
