0	0	14
0.99950190 0.02557368 0.01849132 2.46913183
-0.02641865 0.99854569 0.04699530 -0.50558245
-0.01726259 -0.04746040 0.99872394 2.58415020
0.00000000 0.00000000 0.00000000 1.00000000
0	0	14
0.99950279 0.02506983 0.01912287 2.45971945
-0.02596909 0.99849404 0.04832446 -0.49417845
-0.01788258 -0.04879703 0.99864862 2.57866246
0.00000000 0.00000000 0.00000000 1.00000000
1	1	14
0.99950765 0.02378016 0.02046864 2.47069229
-0.02470321 0.99863175 0.04609092 -0.55545905
-0.01934458 -0.04657387 0.99872752 2.56686469
0.00000000 0.00000000 0.00000000 1.00000000
2	2	14
0.99950147 0.02358944 0.02098465 2.46889526
-0.02456584 0.99856641 0.04755680 -0.52932718
-0.01983272 -0.04804860 0.99864808 2.55144368
0.00000000 0.00000000 0.00000000 1.00000000
3	3	14
0.99950622 0.02345491 0.02090894 2.47293132
-0.02442571 0.99857485 0.04745158 -0.53360731
-0.01976617 -0.04793887 0.99865468 2.54217091
0.00000000 0.00000000 0.00000000 1.00000000
4	4	14
0.99946170 0.02435716 0.02197805 2.50218391
-0.02536698 0.99857735 0.04690203 -0.55022179
-0.02080438 -0.04743430 0.99865768 2.52010183
0.00000000 0.00000000 0.00000000 1.00000000
5	5	14
0.99940627 0.02615269 0.02243095 2.51545561
-0.02716845 0.99856070 0.04624288 -0.56080518
-0.02118929 -0.04682484 0.99867835 2.51679539
0.00000000 0.00000000 0.00000000 1.00000000
6	6	14
0.99939998 0.02578254 0.02312863 2.54249204
-0.02682561 0.99858194 0.04598357 -0.56563194
-0.02191026 -0.04657642 0.99867441 2.49936051
0.00000000 0.00000000 0.00000000 1.00000000
7	7	14
0.99948449 0.02247555 0.02292608 2.55252525
-0.02344603 0.99880081 0.04297925 -0.65133270
-0.02193260 -0.04349462 0.99881289 2.48093454
0.00000000 0.00000000 0.00000000 1.00000000
8	8	14
0.99947782 0.02304072 0.02265408 2.55677379
-0.02418042 0.99838573 0.05139309 -0.67013974
-0.02143338 -0.05191404 0.99842153 2.48281240
0.00000000 0.00000000 0.00000000 1.00000000
9	9	14
0.99948683 0.02291759 0.02237997 2.54720535
-0.02414591 0.99812462 0.05625138 -0.67929040
-0.02104885 -0.05676290 0.99816578 2.49092827
0.00000000 0.00000000 0.00000000 1.00000000
10	10	14
0.99947854 0.02233178 0.02332259 2.54844328
-0.02349926 0.99841982 0.05104562 -0.66589267
-0.02214579 -0.05156706 0.99842396 2.44078067
0.00000000 0.00000000 0.00000000 1.00000000
11	11	14
0.99945885 0.02284373 0.02366781 2.54012456
-0.02413860 0.99814164 0.05595179 -0.67985958
-0.02234567 -0.05649282 0.99815291 2.42788146
0.00000000 0.00000000 0.00000000 1.00000000
12	12	14
0.99948948 0.02121302 0.02389135 2.56531063
-0.02261414 0.99794286 0.05998882 -0.60693936
-0.02256966 -0.06049847 0.99791309 2.40578021
0.00000000 0.00000000 0.00000000 1.00000000
13	13	14
0.99944632 0.02292797 0.02411161 2.57020750
-0.02450244 0.99744063 0.06717001 -0.65386331
-0.02250983 -0.06772361 0.99745016 2.40015676
0.00000000 0.00000000 0.00000000 1.00000000
14	14	14
0.99945706 0.02414339 0.02242072 2.56244497
-0.02553767 0.99761424 0.06413777 -0.71607837
-0.02081872 -0.06467552 0.99768916 2.46865857
0.00000000 0.00000000 0.00000000 1.00000000
15	15	14
0.99947510 0.02425219 0.02147942 2.57746389
-0.02544740 0.99803609 0.05723982 -0.73469232
-0.02004904 -0.05775637 0.99812937 2.48520346
0.00000000 0.00000000 0.00000000 1.00000000
16	16	14
0.99940464 0.02651936 0.02207025 2.58073766
-0.02794428 0.99736308 0.06697764 -0.84077140
-0.02023585 -0.06755450 0.99751035 2.47239336
0.00000000 0.00000000 0.00000000 1.00000000
17	17	14
0.99943957 0.02555026 0.02162717 2.61130894
-0.02680297 0.99785253 0.05976568 -0.79759825
-0.02005370 -0.06031186 0.99797812 2.45385057
0.00000000 0.00000000 0.00000000 1.00000000
18	18	14
0.99943475 0.02545182 0.02196324 2.61662370
-0.02672376 0.99785819 0.05970658 -0.79302440
-0.02039656 -0.06025978 0.99797432 2.42427613
0.00000000 0.00000000 0.00000000 1.00000000
19	19	14
0.99942444 0.02681831 0.02077432 2.61885965
-0.02799426 0.99789178 0.05855187 -0.85566033
-0.01916026 -0.05909973 0.99806819 2.48151429
0.00000000 0.00000000 0.00000000 1.00000000
20	20	14
0.99941287 0.02758546 0.02032116 2.62956434
-0.02871423 0.99793099 0.05752585 -0.89814448
-0.01869224 -0.05807558 0.99813718 2.50428063
0.00000000 0.00000000 0.00000000 1.00000000
21	21	14
0.99941145 0.02768596 0.02025455 2.62568660
-0.02883546 0.99785007 0.05885358 -0.87893364
-0.01858159 -0.05940299 0.99806112 2.49755927
0.00000000 0.00000000 0.00000000 1.00000000
22	22	14
0.99942145 0.02722530 0.02038486 2.62371169
-0.02835332 0.99795656 0.05726078 -0.83550388
-0.01878426 -0.05780563 0.99815112 2.46381920
0.00000000 0.00000000 0.00000000 1.00000000
23	23	14
0.99937218 0.02862462 0.02087776 2.62312383
-0.02985580 0.99767516 0.06126090 -0.91823737
-0.01907566 -0.06184576 0.99790341 2.43772336
0.00000000 0.00000000 0.00000000 1.00000000
24	24	14
0.99935399 0.02920578 0.02094329 2.59954515
-0.03032824 0.99800088 0.05544761 -0.98470930
-0.01928204 -0.05604697 0.99824192 2.40522509
0.00000000 0.00000000 0.00000000 1.00000000
25	25	14
0.99928605 0.03128834 0.02117612 2.58318359
-0.03261026 0.99733511 0.06526289 -1.12033329
-0.01907772 -0.06590685 0.99764339 2.44116067
0.00000000 0.00000000 0.00000000 1.00000000
26	26	14
0.99927891 0.03166275 0.02095536 2.56760813
-0.03293031 0.99745766 0.06319666 -1.17231900
-0.01890111 -0.06384115 0.99778107 2.45682080
0.00000000 0.00000000 0.00000000 1.00000000
27	27	14
0.99923688 0.03231690 0.02193801 2.55105963
-0.03373622 0.99713193 0.06774799 -1.22918899
-0.01968569 -0.06843640 0.99746124 2.39528464
0.00000000 0.00000000 0.00000000 1.00000000
28	28	14
0.99923278 0.03313130 0.02088466 2.53307569
-0.03428869 0.99774267 0.05773955 -1.35253712
-0.01892453 -0.05841136 0.99811321 2.45592531
0.00000000 0.00000000 0.00000000 1.00000000
29	29	14
0.99923061 0.03319598 0.02088554 2.52501019
-0.03429750 0.99790800 0.05480234 -1.37929654
-0.01902263 -0.05547649 0.99827877 2.43990488
0.00000000 0.00000000 0.00000000 1.00000000
30	30	14
0.99930394 0.03160145 0.01982397 2.51648227
-0.03254757 0.99824994 0.04937318 -1.28232066
-0.01822902 -0.04998404 0.99858365 2.49466687
0.00000000 0.00000000 0.00000000 1.00000000
31	31	14
0.99922470 0.03379134 0.02020274 2.49203705
-0.03491073 0.99771208 0.05789510 -1.40724666
-0.01820016 -0.05855551 0.99811823 2.49821699
0.00000000 0.00000000 0.00000000 1.00000000
32	32	14
0.99925633 0.03206289 0.02141851 2.45933198
-0.03330660 0.99761337 0.06048340 -1.29305598
-0.01942812 -0.06115180 0.99793938 2.39914447
0.00000000 0.00000000 0.00000000 1.00000000
33	33	14
0.99925430 0.03296973 0.02009580 2.41981041
-0.03411166 0.99765048 0.05941303 -1.35855472
-0.01808975 -0.06005423 0.99803119 2.50588447
0.00000000 0.00000000 0.00000000 1.00000000
34	34	14
0.99919816 0.03365290 0.02169128 2.36307742
-0.03492352 0.99751823 0.06113693 -1.45292862
-0.01958001 -0.06184544 0.99789366 2.38682832
0.00000000 0.00000000 0.00000000 1.00000000
35	35	14
0.99920271 0.03322643 0.02213480 2.32049060
-0.03449797 0.99761513 0.05978241 -1.41521463
-0.02009566 -0.06049835 0.99796599 2.35620595
0.00000000 0.00000000 0.00000000 1.00000000
36	36	14
0.99929594 0.03031373 0.02210643 2.30491398
-0.03160874 0.99764954 0.06079706 -1.20691178
-0.02021148 -0.06145301 0.99790532 2.35492731
0.00000000 0.00000000 0.00000000 1.00000000
37	37	14
0.99929217 0.03101133 0.02129469 2.28400183
-0.03225610 0.99762624 0.06083935 -1.28303512
-0.01935743 -0.06148317 0.99792039 2.41785243
0.00000000 0.00000000 0.00000000 1.00000000
38	38	14
0.99928693 0.03197409 0.02008183 2.27655274
-0.03319024 0.99743166 0.06347045 -1.41566610
-0.01800084 -0.06409171 0.99778165 2.53103404
0.00000000 0.00000000 0.00000000 1.00000000
39	39	14
0.99925945 0.03276730 0.02017050 2.24708605
-0.03404015 0.99721349 0.06638161 -1.56717725
-0.01793914 -0.06701906 0.99759041 2.54864472
0.00000000 0.00000000 0.00000000 1.00000000
40	40	14
0.99922705 0.03333169 0.02083968 2.19818916
-0.03473740 0.99685762 0.07119134 -1.80529296
-0.01840127 -0.07186023 0.99724496 2.53986069
0.00000000 0.00000000 0.00000000 1.00000000
41	41	14
0.99936141 0.02866737 0.02132971 2.17543250
-0.03023671 0.99654856 0.07730917 -1.68826788
-0.01903984 -0.07790474 0.99677898 2.51182384
0.00000000 0.00000000 0.00000000 1.00000000
42	42	14
0.99940402 0.02830234 0.01976326 2.20842146
-0.02972157 0.99669106 0.07565422 -1.59101770
-0.01755668 -0.07619653 0.99693824 2.63609420
0.00000000 0.00000000 0.00000000 1.00000000
43	43	14
0.99948157 0.02525491 0.01996970 2.17629781
-0.02679268 0.99636111 0.08091163 -1.56347442
-0.01785362 -0.08140472 0.99652121 2.63662317
0.00000000 0.00000000 0.00000000 1.00000000
44	44	14
0.99944611 0.02634738 0.02032926 2.14696700
-0.02792752 0.99625583 0.08181910 -1.69695023
-0.01809743 -0.08234153 0.99643984 2.62417329
0.00000000 0.00000000 0.00000000 1.00000000
45	45	14
0.99937244 0.02799005 0.02170925 2.05893644
-0.02967687 0.99621294 0.08172548 -1.84138499
-0.01933953 -0.08231845 0.99641841 2.53913341
0.00000000 0.00000000 0.00000000 1.00000000
46	46	14
0.99935487 0.02916188 0.02096233 2.09110657
-0.03074873 0.99633202 0.07985629 -1.82417992
-0.01855669 -0.08044934 0.99658595 2.59901408
0.00000000 0.00000000 0.00000000 1.00000000
47	47	14
0.99935614 0.02830163 0.02205269 1.99551821
-0.02992193 0.99658311 0.07698559 -1.56184893
-0.01979852 -0.07759588 0.99678829 2.48044639
0.00000000 0.00000000 0.00000000 1.00000000
48	48	14
0.99906298 0.03632874 0.02352417 1.76929431
-0.03804468 0.99629316 0.07715273 -2.29139606
-0.02063411 -0.07797541 0.99674173 2.41931941
0.00000000 0.00000000 0.00000000 1.00000000
49	49	14
0.99899135 0.03947983 0.02139220 1.86362385
-0.04100174 0.99625520 0.07612120 -2.50728367
-0.01830683 -0.07692154 0.99686907 2.56423415
0.00000000 0.00000000 0.00000000 1.00000000
50	50	14
0.99904220 0.03761066 0.02236353 1.77333803
-0.03917203 0.99648474 0.07405209 -2.21611145
-0.01949977 -0.07485718 0.99700359 2.46945411
0.00000000 0.00000000 0.00000000 1.00000000
51	51	14
0.99915791 0.03436110 0.02242279 1.75402098
-0.03604018 0.99619421 0.07936115 -2.41967177
-0.01961052 -0.08010244 0.99659371 2.50195683
0.00000000 0.00000000 0.00000000 1.00000000
52	52	14
0.99911936 0.03588638 0.02174090 1.77854761
-0.03745961 0.99633526 0.07689491 -2.36394999
-0.01890174 -0.07764160 0.99680214 2.54940732
0.00000000 0.00000000 0.00000000 1.00000000
53	53	14
0.99919412 0.03373697 0.02174708 1.77214214
-0.03530686 0.99645333 0.07638181 -2.18001410
-0.01909306 -0.07708808 0.99684145 2.53757182
0.00000000 0.00000000 0.00000000 1.00000000
54	54	14
0.99913498 0.03488904 0.02262867 1.68691994
-0.03654166 0.99633965 0.07727879 -2.39611392
-0.01984966 -0.07803883 0.99675269 2.50446811
0.00000000 0.00000000 0.00000000 1.00000000
55	55	14
0.99912420 0.03538433 0.02233348 1.71148922
-0.03710106 0.99595634 0.08181975 -2.84731251
-0.01934803 -0.08257669 0.99639688 2.58366950
0.00000000 0.00000000 0.00000000 1.00000000
56	56	14
0.99909659 0.03615852 0.02232861 1.71307433
-0.03787055 0.99593522 0.08172433 -2.92836808
-0.01928282 -0.08249609 0.99640482 2.59840703
0.00000000 0.00000000 0.00000000 1.00000000
57	57	14
0.99917826 0.03359722 0.02267222 1.69229726
-0.03538696 0.99585397 0.08380113 -2.92399139
-0.01976273 -0.08453457 0.99622454 2.57868203
0.00000000 0.00000000 0.00000000 1.00000000
58	58	14
0.99913940 0.03445270 0.02309717 1.66098161
-0.03628650 0.99577577 0.08434400 -3.07008249
-0.02009372 -0.08510953 0.99616897 2.56261986
0.00000000 0.00000000 0.00000000 1.00000000
59	59	14
0.99921688 0.03300095 0.02183050 1.81409589
-0.03475996 0.99570382 0.08582336 -3.10696755
-0.01890446 -0.08651498 0.99607117 2.68781634
0.00000000 0.00000000 0.00000000 1.00000000
60	60	14
0.99931607 0.03063778 0.02070550 1.94819359
-0.03238220 0.99541898 0.08995799 -3.29706861
-0.01785454 -0.09056695 0.99573031 2.82038933
0.00000000 0.00000000 0.00000000 1.00000000
61	61	14
0.99931309 0.03114604 0.02008175 2.03301673
-0.03285709 0.99527061 0.09141565 -3.49707191
-0.01713954 -0.09201268 0.99561032 2.89757974
0.00000000 0.00000000 0.00000000 1.00000000
62	62	14
0.99936808 0.03008465 0.01893026 2.18339724
-0.03170648 0.99523698 0.09218492 -3.48506951
-0.01606674 -0.09272688 0.99556194 2.99965062
0.00000000 0.00000000 0.00000000 1.00000000
63	63	14
0.99938725 0.03011366 0.01784076 2.32844465
-0.03161777 0.99534102 0.09108553 -3.38623395
-0.01501472 -0.09159380 0.99568325 3.09380689
0.00000000 0.00000000 0.00000000 1.00000000
64	64	14
0.99938424 0.03046151 0.01741384 2.39496358
-0.03189679 0.99550705 0.08915330 -3.22796826
-0.01461985 -0.08965385 0.99586568 3.11433503
0.00000000 0.00000000 0.00000000 1.00000000
65	65	14
0.99937815 0.03082440 0.01712199 2.44143170
-0.03226031 0.99531696 0.09112316 -3.45223548
-0.01423299 -0.09161885 0.99569243 3.17368379
0.00000000 0.00000000 0.00000000 1.00000000
66	66	14
0.99936445 0.03123941 0.01716962 2.42838468
-0.03266661 0.99537627 0.09032708 -3.39450852
-0.01426847 -0.09083054 0.99576414 3.16121211
0.00000000 0.00000000 0.00000000 1.00000000
67	67	14
0.99934132 0.03218395 0.01676663 2.45384110
-0.03359700 0.99517107 0.09222678 -3.69169118
-0.01371745 -0.09272934 0.99559686 3.24053436
0.00000000 0.00000000 0.00000000 1.00000000
68	68	14
0.99937267 0.03067808 0.01769513 2.32585954
-0.03220129 0.99510542 0.09342528 -3.61280183
-0.01474242 -0.09393648 0.99546903 3.11719644
0.00000000 0.00000000 0.00000000 1.00000000
69	69	14
0.99933426 0.03212294 0.01729593 2.33944360
-0.03361631 0.99496705 0.09439552 -3.88373797
-0.01417662 -0.09491410 0.99538452 3.19014139
0.00000000 0.00000000 0.00000000 1.00000000
70	70	14
0.99932980 0.03207460 0.01763986 2.29031672
-0.03352213 0.99546437 0.08903347 -3.33464653
-0.01470414 -0.08956512 0.99587242 3.06392169
0.00000000 0.00000000 0.00000000 1.00000000
71	71	14
0.99928416 0.03296979 0.01855158 2.17180979
-0.03458110 0.99491924 0.09455084 -4.00681336
-0.01534001 -0.09512469 0.99534716 3.03303857
0.00000000 0.00000000 0.00000000 1.00000000
72	72	14
0.99935814 0.03066919 0.01851228 2.19174358
-0.03227287 0.99508125 0.09365773 -3.59037105
-0.01554881 -0.09419506 0.99543233 2.97921463
0.00000000 0.00000000 0.00000000 1.00000000
73	73	14
0.99929016 0.03190964 0.02002392 2.06013681
-0.03368256 0.99485509 0.09554492 -3.95190780
-0.01687209 -0.09615156 0.99522370 2.80436249
0.00000000 0.00000000 0.00000000 1.00000000
74	74	14
0.99925469 0.03359943 0.01900384 2.17074573
-0.03523024 0.99502046 0.09323689 -3.96921919
-0.01577651 -0.09383691 0.99546257 2.93121933
0.00000000 0.00000000 0.00000000 1.00000000
75	75	14
0.99918530 0.03572064 0.01878216 2.20237296
-0.03728847 0.99514411 0.09109211 -4.06020571
-0.01543709 -0.09171826 0.99566533 2.96069225
0.00000000 0.00000000 0.00000000 1.00000000
76	76	14
0.99917768 0.03598676 0.01867950 2.24360755
-0.03756331 0.99501842 0.09234360 -4.19465021
-0.01526330 -0.09296933 0.99555198 2.98877996
0.00000000 0.00000000 0.00000000 1.00000000
77	77	14
0.99922747 0.03432349 0.01914077 2.25481413
-0.03591752 0.99526480 0.09032112 -3.76409770
-0.01595000 -0.09093883 0.99572874 2.85311918
0.00000000 0.00000000 0.00000000 1.00000000
78	78	14
0.99913790 0.03631155 0.02012280 2.19178636
-0.03802726 0.99496616 0.09271602 -4.27209167
-0.01665485 -0.09340131 0.99548923 2.74519269
0.00000000 0.00000000 0.00000000 1.00000000
79	79	14
0.99918381 0.03517742 0.01985629 2.25231561
-0.03682772 0.99526120 0.08999363 -3.84860271
-0.01659645 -0.09065144 0.99574438 2.71118130
0.00000000 0.00000000 0.00000000 1.00000000
80	80	14
0.99914204 0.03613506 0.02023473 2.24216242
-0.03779787 0.99532039 0.08893053 -3.91535646
-0.01692653 -0.08961906 0.99583227 2.63011270
0.00000000 0.00000000 0.00000000 1.00000000
81	81	14
0.99913664 0.03656498 0.01972246 2.30673641
-0.03818904 0.99525742 0.08946654 -3.98394429
-0.01635758 -0.09014248 0.99579454 2.71751061
0.00000000 0.00000000 0.00000000 1.00000000
82	82	14
0.99912807 0.03685835 0.01961001 2.32988886
-0.03845697 0.99532476 0.08859842 -3.98339027
-0.01625274 -0.08927531 0.99587437 2.71970379
0.00000000 0.00000000 0.00000000 1.00000000
83	83	14
0.99916036 0.03620441 0.01917859 2.38631168
-0.03781358 0.99508419 0.09152912 -4.03764701
-0.01577055 -0.09217748 0.99561770 2.81072911
0.00000000 0.00000000 0.00000000 1.00000000
84	84	14
0.99927537 0.03308530 0.01881751 2.44992000
-0.03459142 0.99566623 0.08632613 -3.13450032
-0.01587984 -0.08691450 0.99608920 2.73933672
0.00000000 0.00000000 0.00000000 1.00000000
85	85	14
0.99929585 0.03289212 0.01805328 2.50456163
-0.03432779 0.99570226 0.08601517 -3.03072570
-0.01514647 -0.08657433 0.99613025 2.84680148
0.00000000 0.00000000 0.00000000 1.00000000
86	86	14
0.99924500 0.03433531 0.01817995 2.49014241
-0.03579992 0.99551745 0.08754074 -3.37187850
-0.01509271 -0.08812549 0.99599503 2.85842036
0.00000000 0.00000000 0.00000000 1.00000000
87	87	14
0.99923883 0.03491353 0.01740127 2.52101270
-0.03626734 0.99574137 0.08475734 -3.33580185
-0.01436799 -0.08532393 0.99624966 2.98456067
0.00000000 0.00000000 0.00000000 1.00000000
88	88	14
0.99926606 0.03457058 0.01649885 2.56721783
-0.03583707 0.99582887 0.08390811 -3.20775564
-0.01352928 -0.08443780 0.99633690 3.14682423
0.00000000 0.00000000 0.00000000 1.00000000
89	89	14
0.99929934 0.03374164 0.01619671 2.60003023
-0.03495320 0.99606041 0.08149808 -2.95017159
-0.01338303 -0.08200710 0.99654189 3.16975587
0.00000000 0.00000000 0.00000000 1.00000000
90	90	14
0.99932620 0.03318989 0.01567105 2.62597538
-0.03437843 0.99596358 0.08291364 -2.90204581
-0.01285590 -0.08339652 0.99643351 3.28815143
0.00000000 0.00000000 0.00000000 1.00000000
91	91	14
0.99939794 0.03149137 0.01456211 2.68403147
-0.03261440 0.99587290 0.08469628 -2.62380416
-0.01183481 -0.08512022 0.99630040 3.50123285
0.00000000 0.00000000 0.00000000 1.00000000
92	92	14
0.99944114 0.02994563 0.01485454 2.69510065
-0.03112978 0.99570384 0.08720550 -2.41331986
-0.01217930 -0.08761918 0.99607959 3.46267732
0.00000000 0.00000000 0.00000000 1.00000000
93	93	14
0.99942076 0.03043556 0.01522560 2.68175276
-0.03162929 0.99583362 0.08552769 -2.43888781
-0.01255908 -0.08595973 0.99621945 3.38661165
0.00000000 0.00000000 0.00000000 1.00000000
94	94	14
0.99937491 0.03130682 0.01642187 2.63767492
-0.03257753 0.99594389 0.08387172 -2.54040292
-0.01372951 -0.08435427 0.99634124 3.17460151
0.00000000 0.00000000 0.00000000 1.00000000
95	95	14
0.99940071 0.03033116 0.01668085 2.63802900
-0.03164649 0.99585693 0.08524947 -2.40165228
-0.01402602 -0.08572627 0.99621999 3.13398601
0.00000000 0.00000000 0.00000000 1.00000000
96	96	14
0.99940380 0.03012281 0.01687165 2.63409766
-0.03147513 0.99574202 0.08664377 -2.37746749
-0.01418986 -0.08712315 0.99609648 3.11455456
0.00000000 0.00000000 0.00000000 1.00000000
97	97	14
0.99939758 0.03065528 0.01627045 2.63998399
-0.03193381 0.99585068 0.08521539 -2.40381516
-0.01359064 -0.08568363 0.99622970 3.20419397
0.00000000 0.00000000 0.00000000 1.00000000
98	98	14
0.99942534 0.02987564 0.01601367 2.64640534
-0.03111048 0.99603030 0.08340130 -2.22484154
-0.01345843 -0.08385157 0.99638737 3.22085657
0.00000000 0.00000000 0.00000000 1.00000000
99	99	14
0.99943905 0.02927189 0.01627102 2.63024069
-0.03053068 0.99604630 0.08342443 -2.10810820
-0.01376470 -0.08387440 0.99638126 3.15628808
0.00000000 0.00000000 0.00000000 1.00000000
100	100	14
0.99950371 0.02665421 0.01678951 2.62826325
-0.02799564 0.99594406 0.08550828 -1.71506146
-0.01444226 -0.08593587 0.99619599 3.04291927
0.00000000 0.00000000 0.00000000 1.00000000
101	101	14
0.99951518 0.02615070 0.01689813 2.63008600
-0.02751942 0.99586192 0.08661250 -1.64698288
-0.01456322 -0.08703553 0.99609875 3.02327402
0.00000000 0.00000000 0.00000000 1.00000000
102	102	14
0.99959275 0.02364341 0.01597898 2.66725801
-0.02487738 0.99631868 0.08203787 -1.16144756
-0.01398051 -0.08240197 0.99650111 3.10191845
0.00000000 0.00000000 0.00000000 1.00000000
103	103	14
0.99965766 0.02074704 0.01594145 2.70231158
-0.02174230 0.99764652 0.06502847 -0.54898112
-0.01455478 -0.06535281 0.99775607 2.95778799
0.00000000 0.00000000 0.00000000 1.00000000
104	104	14
0.99968402 0.01969223 0.01562324 2.73064754
-0.02068336 0.99760237 0.06604318 -0.37305484
-0.01428524 -0.06634546 0.99769445 2.99622461
0.00000000 0.00000000 0.00000000 1.00000000
105	105	14
0.99970387 0.01856640 0.01573102 2.75663933
-0.01956427 0.99763751 0.06585320 -0.18781135
-0.01447120 -0.06614146 0.99770531 2.96045397
0.00000000 0.00000000 0.00000000 1.00000000
106	106	14
0.99969841 0.01920973 0.01529947 2.77616779
-0.02016537 0.99768324 0.06497311 -0.26046334
-0.01401590 -0.06526203 0.99776972 3.02658678
0.00000000 0.00000000 0.00000000 1.00000000
107	107	14
0.99971033 0.01877174 0.01506245 2.79446987
-0.01970640 0.99772232 0.06451217 -0.19131464
-0.01381714 -0.06479031 0.99780324 3.04558517
0.00000000 0.00000000 0.00000000 1.00000000
108	108	14
0.99971923 0.01790956 0.01551505 2.82256445
-0.01884980 0.99785188 0.06274002 -0.09221289
-0.01435808 -0.06301486 0.99790930 2.93808590
0.00000000 0.00000000 0.00000000 1.00000000
109	109	14
0.99967958 0.02004535 0.01545728 2.81727753
-0.02097614 0.99781745 0.06261262 -0.40303050
-0.01416845 -0.06291679 0.99791820 2.95636209
0.00000000 0.00000000 0.00000000 1.00000000
110	110	14
0.99965049 0.02150828 0.01537209 2.80623938
-0.02239582 0.99794048 0.06011004 -0.69383097
-0.01404757 -0.06043331 0.99807338 2.96643254
0.00000000 0.00000000 0.00000000 1.00000000
111	111	14
0.99970436 0.01918803 0.01493367 2.80268490
-0.02004325 0.99803310 0.05939864 -0.36192804
-0.01376455 -0.05968039 0.99812263 3.00693979
0.00000000 0.00000000 0.00000000 1.00000000
112	112	14
0.99970962 0.01862604 0.01528880 2.82075900
-0.01949629 0.99807365 0.05889720 -0.28731167
-0.01416232 -0.05917818 0.99814697 2.95040151
0.00000000 0.00000000 0.00000000 1.00000000
113	113	14
0.99972638 0.01737038 0.01566632 2.84610203
-0.01825020 0.99815640 0.05788549 -0.13323050
-0.01463194 -0.05815556 0.99820030 2.87929734
0.00000000 0.00000000 0.00000000 1.00000000
114	114	14
0.99970405 0.01812769 0.01622333 2.88014696
-0.01901690 0.99822443 0.05644777 -0.30761956
-0.01517126 -0.05673958 0.99827374 2.79916472
0.00000000 0.00000000 0.00000000 1.00000000
115	115	14
0.99971880 0.01685761 0.01667756 2.92148755
-0.01774776 0.99834231 0.05475078 -0.20180111
-0.01572695 -0.05503138 0.99836076 2.71223361
0.00000000 0.00000000 0.00000000 1.00000000
116	116	14
0.99968607 0.01878320 0.01658166 2.91262263
-0.01965637 0.99833831 0.05416865 -0.51439089
-0.01553665 -0.05447758 0.99839411 2.73735680
0.00000000 0.00000000 0.00000000 1.00000000
117	117	14
0.99971022 0.01645984 0.01756565 2.98149536
-0.01735105 0.99850406 0.05185157 -0.30752666
-0.01668591 -0.05214133 0.99850031 2.56486711
0.00000000 0.00000000 0.00000000 1.00000000
118	118	14
0.99969414 0.01711428 0.01785309 2.99017081
-0.01802177 0.99848582 0.05197385 -0.38377952
-0.01693656 -0.05227970 0.99848885 2.51934390
0.00000000 0.00000000 0.00000000 1.00000000
119	119	14
0.99970450 0.01683802 0.01753240 2.96369093
-0.01769647 0.99859151 0.05001821 -0.45856777
-0.01666550 -0.05031369 0.99859441 2.55834077
0.00000000 0.00000000 0.00000000 1.00000000
120	120	14
0.99972141 0.01636910 0.01700449 2.92331878
-0.01715118 0.99875172 0.04691302 -0.59358450
-0.01621534 -0.04719159 0.99875423 2.62697010
0.00000000 0.00000000 0.00000000 1.00000000
121	121	14
0.99973474 0.01532916 0.01718887 2.94506462
-0.01610781 0.99880622 0.04611579 -0.47631428
-0.01646143 -0.04638043 0.99878820 2.58371402
0.00000000 0.00000000 0.00000000 1.00000000
122	122	14
0.99975917 0.01338910 0.01738758 2.96521350
-0.01419460 0.99879120 0.04706002 -0.09744726
-0.01673647 -0.04729550 0.99874072 2.54343747
0.00000000 0.00000000 0.00000000 1.00000000
123	123	14
0.99974926 0.01318913 0.01809596 3.01323995
-0.01402701 0.99879714 0.04698421 -0.05251912
-0.01745451 -0.04722626 0.99873171 2.42222370
0.00000000 0.00000000 0.00000000 1.00000000
124	124	14
0.99975383 0.01228112 0.01847872 3.04377216
-0.01315842 0.99875447 0.04812862 0.18690160
-0.01786463 -0.04835992 0.99867020 2.34693249
0.00000000 0.00000000 0.00000000 1.00000000
125	125	14
0.99977511 0.01045798 0.01844895 3.05253199
-0.01134094 0.99876256 0.04842246 0.49663484
-0.01791972 -0.04862079 0.99865655 2.33075282
0.00000000 0.00000000 0.00000000 1.00000000
126	126	14
0.99977620 0.01140141 0.01782030 2.99281020
-0.01224774 0.99876608 0.04812800 0.34928596
-0.01724958 -0.04833549 0.99868220 2.43292176
0.00000000 0.00000000 0.00000000 1.00000000
127	127	14
0.99977583 0.01159292 0.01771721 2.98860451
-0.01233855 0.99901720 0.04257217 -0.20853855
-0.01720626 -0.04278123 0.99893629 2.43094540
0.00000000 0.00000000 0.00000000 1.00000000
128	128	14
0.99976272 0.01225740 0.01800709 3.01961622
-0.01303803 0.99895114 0.04389336 -0.16513025
-0.01745019 -0.04411773 0.99887392 2.39166466
0.00000000 0.00000000 0.00000000 1.00000000
129	129	14
0.99975178 0.01395579 0.01736697 2.92655023
-0.01468100 0.99899472 0.04235593 -0.58032805
-0.01675840 -0.04260038 0.99895163 2.48430602
0.00000000 0.00000000 0.00000000 1.00000000
130	130	14
0.99974597 0.01433660 0.01739136 2.91355064
-0.01505887 0.99899839 0.04213599 -0.66700280
-0.01676985 -0.04238718 0.99896051 2.47926580
0.00000000 0.00000000 0.00000000 1.00000000
131	131	14
0.99973101 0.01463006 0.01799618 2.96341957
-0.01537588 0.99899811 0.04202798 -0.72100258
-0.01736328 -0.04229338 0.99895435 2.38500295
0.00000000 0.00000000 0.00000000 1.00000000
132	132	14
0.99973708 0.01445626 0.01779853 2.93927849
-0.01516816 0.99906299 0.04053468 -0.84204270
-0.01719587 -0.04079399 0.99901960 2.41111641
0.00000000 0.00000000 0.00000000 1.00000000
133	133	14
0.99972755 0.01473354 0.01810360 2.97296393
-0.01543979 0.99909981 0.03951187 -1.00782368
-0.01750515 -0.03978062 0.99905509 2.36648022
0.00000000 0.00000000 0.00000000 1.00000000
134	134	14
0.99972542 0.01493368 0.01805752 2.96587558
-0.01565794 0.99905052 0.04065561 -0.95309237
-0.01743324 -0.04092719 0.99901003 2.37200514
0.00000000 0.00000000 0.00000000 1.00000000
135	135	14
0.99973432 0.01416181 0.01818613 2.98839753
-0.01489347 0.99905847 0.04074749 -0.86991034
-0.01759195 -0.04100752 0.99900396 2.34124843
0.00000000 0.00000000 0.00000000 1.00000000
136	136	14
0.99975709 0.01314922 0.01768797 2.93610853
-0.01387715 0.99903460 0.04168076 -0.65377765
-0.01712283 -0.04191609 0.99897440 2.40780845
0.00000000 0.00000000 0.00000000 1.00000000
137	137	14
0.99975440 0.01333587 0.01770026 2.93557217
-0.01407606 0.99900267 0.04237373 -0.63189631
-0.01711752 -0.04261248 0.99894503 2.40949913
0.00000000 0.00000000 0.00000000 1.00000000
138	138	14
0.99974891 0.01324841 0.01807181 2.97102831
-0.01400898 0.99899272 0.04262978 -0.62056333
-0.01748883 -0.04287225 0.99892748 2.35293398
0.00000000 0.00000000 0.00000000 1.00000000
139	139	14
0.99975906 0.01295537 0.01771967 2.94025320
-0.01371307 0.99896672 0.04332940 -0.54055271
-0.01714001 -0.04356195 0.99890369 2.40920471
0.00000000 0.00000000 0.00000000 1.00000000
140	140	14
0.99975084 0.01315903 0.01803035 2.98667294
-0.01392994 0.99896415 0.04331952 -0.60520150
-0.01744163 -0.04355989 0.99889856 2.37007637
0.00000000 0.00000000 0.00000000 1.00000000
141	141	14
0.99972823 0.01395378 0.01867517 3.07194282
-0.01473790 0.99898649 0.04252983 -0.84977802
-0.01806279 -0.04279350 0.99892064 2.28718503
0.00000000 0.00000000 0.00000000 1.00000000
142	142	14
0.99971276 0.01449645 0.01908528 3.16740080
-0.01524098 0.99910487 0.03946112 -1.28263430
-0.01849615 -0.03974067 0.99903882 2.24175789
0.00000000 0.00000000 0.00000000 1.00000000
143	143	14
0.99971622 0.01387037 0.01936714 3.27099718
-0.01465546 0.99905160 0.04100148 -1.09264983
-0.01878007 -0.04127368 0.99897137 2.23163645
0.00000000 0.00000000 0.00000000 1.00000000
144	144	14
0.99971579 0.01439551 0.01900284 3.27012651
-0.01515020 0.99907730 0.04018729 -1.27441776
-0.01840679 -0.04046376 0.99901145 2.30795222
0.00000000 0.00000000 0.00000000 1.00000000
145	145	14
0.99974136 0.01352401 0.01828440 3.24260039
-0.01424889 0.99909351 0.04011390 -1.16525478
-0.01772533 -0.04036406 0.99902781 2.41290152
0.00000000 0.00000000 0.00000000 1.00000000
146	146	14
0.99977012 0.01294283 0.01709338 3.16201195
-0.01362486 0.99909047 0.04040544 -1.06113731
-0.01655487 -0.04062905 0.99903714 2.60000464
0.00000000 0.00000000 0.00000000 1.00000000
147	147	14
0.99977691 0.01369130 0.01608363 3.08525174
-0.01427554 0.99922105 0.03679010 -1.55325275
-0.01556740 -0.03701150 0.99919358 2.76359798
0.00000000 0.00000000 0.00000000 1.00000000
148	148	14
0.99978498 0.01301518 0.01614338 3.13057632
-0.01365839 0.99909043 0.04039513 -1.08655449
-0.01560294 -0.04060694 0.99905336 2.77616756
0.00000000 0.00000000 0.00000000 1.00000000
149	149	14
0.99981677 0.01213342 0.01480563 3.04526014
-0.01273301 0.99907396 0.04109846 -0.88256837
-0.01429326 -0.04127945 0.99904540 3.01308003
0.00000000 0.00000000 0.00000000 1.00000000
150	150	14
0.99983019 0.01329236 0.01276365 2.87628413
-0.01375180 0.99923504 0.03660903 -1.50634796
-0.01226727 -0.03677834 0.99924815 3.36104527
0.00000000 0.00000000 0.00000000 1.00000000
151	151	14
0.99980772 0.01424641 0.01347416 2.97006686
-0.01477153 0.99910199 0.03971153 -1.34911813
-0.01289632 -0.03990293 0.99912033 3.29462983
0.00000000 0.00000000 0.00000000 1.00000000
152	152	14
0.99979364 0.01417286 0.01455394 3.09318599
-0.01487445 0.99867390 0.04928684 -0.40532410
-0.01383610 -0.04949315 0.99867862 3.18205917
0.00000000 0.00000000 0.00000000 1.00000000
153	153	14
0.99980071 0.01356498 0.01464703 3.11855811
-0.01437250 0.99829846 0.05651203 0.40519793
-0.01385552 -0.05671129 0.99829447 3.20985885
0.00000000 0.00000000 0.00000000 1.00000000
154	154	14
0.99978544 0.01416429 0.01511444 3.16188123
-0.01513403 0.99769808 0.06610221 1.25723652
-0.01414336 -0.06631677 0.99769838 3.17299681
0.00000000 0.00000000 0.00000000 1.00000000
155	155	14
0.99978987 0.01363657 0.01530524 3.15769667
-0.01447228 0.99833203 0.05589023 0.33423717
-0.01451756 -0.05609999 0.99831960 3.13890363
0.00000000 0.00000000 0.00000000 1.00000000
156	156	14
0.99979912 0.01166256 0.01630064 3.22058244
-0.01251106 0.99851829 0.05295943 0.27987901
-0.01565884 -0.05315273 0.99846361 3.00347514
0.00000000 0.00000000 0.00000000 1.00000000
157	157	14
0.99979129 0.01150735 0.01688080 3.26885576
-0.01237780 0.99854945 0.05240017 0.26393812
-0.01625332 -0.05259818 0.99848348 2.93843931
0.00000000 0.00000000 0.00000000 1.00000000
158	158	14
0.99978362 0.01142783 0.01738182 3.31331875
-0.01231570 0.99857833 0.05186173 0.24628680
-0.01676444 -0.05206458 0.99850300 2.88883983
0.00000000 0.00000000 0.00000000 1.00000000
159	159	14
0.99978226 0.01169940 0.01727889 3.30940726
-0.01264209 0.99837887 0.05549598 0.56336276
-0.01660161 -0.05570234 0.99830939 2.90723699
0.00000000 0.00000000 0.00000000 1.00000000
160	160	14
0.99979411 0.01055572 0.01732971 3.32324012
-0.01144556 0.99857743 0.05207803 0.36919986
-0.01675533 -0.05226566 0.99849264 2.91719517
0.00000000 0.00000000 0.00000000 1.00000000
161	161	14
0.99980685 0.00995493 0.01694575 3.28242539
-0.01076396 0.99877290 0.04834070 0.08357383
-0.01644372 -0.04851376 0.99868715 2.96243614
0.00000000 0.00000000 0.00000000 1.00000000
162	162	14
0.99981706 0.01001546 0.01629556 3.22353329
-0.01084343 0.99861203 0.05154064 0.38461176
-0.01575674 -0.05170791 0.99853794 3.03620643
0.00000000 0.00000000 0.00000000 1.00000000
163	163	14
0.99983077 0.01086091 0.01484859 3.07953306
-0.01168974 0.99831022 0.05692141 0.80989926
-0.01420528 -0.05708535 0.99826824 3.18387798
0.00000000 0.00000000 0.00000000 1.00000000
164	164	14
0.99982915 0.01053811 0.01518628 3.10756667
-0.01129100 0.99866656 0.05037483 0.23607322
-0.01463517 -0.05053770 0.99861492 3.15977390
0.00000000 0.00000000 0.00000000 1.00000000
165	165	14
0.99981181 0.01197938 0.01525889 3.11439866
-0.01235888 0.99961044 0.02502448 -2.12531619
-0.01495317 -0.02520836 0.99957038 3.13973232
0.00000000 0.00000000 0.00000000 1.00000000
166	166	14
0.99979694 0.01271579 0.01563317 3.14699179
-0.01301748 0.99972803 0.01934992 -2.67555415
-0.01538287 -0.01954949 0.99969054 3.10757097
0.00000000 0.00000000 0.00000000 1.00000000
167	167	14
0.99979183 0.01223050 0.01633149 3.23012857
-0.01264852 0.99958857 0.02574306 -2.07039416
-0.01600992 -0.02594427 0.99953518 3.08631796
0.00000000 0.00000000 0.00000000 1.00000000
168	168	14
0.99978469 0.01219511 0.01678843 3.26526606
-0.01255939 0.99968419 0.02176636 -2.43453690
-0.01651769 -0.02197253 0.99962212 3.08265707
0.00000000 0.00000000 0.00000000 1.00000000
169	169	14
0.99978009 0.01190013 0.01726704 3.29706419
-0.01232937 0.99961220 0.02496866 -2.11862768
-0.01696321 -0.02517606 0.99953910 3.09431955
0.00000000 0.00000000 0.00000000 1.00000000
170	170	14
0.99977400 0.01191413 0.01760708 3.33747777
-0.01229741 0.99968621 0.02182325 -2.39453287
-0.01734155 -0.02203484 0.99960679 3.11019733
0.00000000 0.00000000 0.00000000 1.00000000
171	171	14
0.99978352 0.01135705 0.01743375 3.31976791
-0.01170341 0.99973357 0.01989539 -2.52173489
-0.01720315 -0.02009511 0.99965006 3.13352359
0.00000000 0.00000000 0.00000000 1.00000000
172	172	14
0.99978994 0.01063051 0.01752320 3.33849062
-0.01098325 0.99973647 0.02015816 -2.46186500
-0.01730429 -0.02034639 0.99964323 3.14624533
0.00000000 0.00000000 0.00000000 1.00000000
173	173	14
0.99980650 0.00972588 0.01709860 3.31316276
-0.01004242 0.99977796 0.01852530 -2.56655576
-0.01691463 -0.01869343 0.99968217 3.15784207
0.00000000 0.00000000 0.00000000 1.00000000
174	174	14
0.99983186 0.00929162 0.01580905 3.20276707
-0.00981145 0.99940294 0.03312837 -1.21561245
-0.01549180 -0.03327791 0.99932607 3.20883608
0.00000000 0.00000000 0.00000000 1.00000000
175	175	14
0.99983880 0.00938407 0.01530709 3.17068883
-0.00991155 0.99934668 0.03475593 -1.03785544
-0.01497094 -0.03490204 0.99927860 3.21776995
0.00000000 0.00000000 0.00000000 1.00000000
176	176	14
0.99984981 0.00902143 0.01479769 3.13345022
-0.00957639 0.99923673 0.03787147 -0.74354179
-0.01444474 -0.03800749 0.99917305 3.20887066
0.00000000 0.00000000 0.00000000 1.00000000
177	177	14
0.99986401 0.00885013 0.01391520 3.07631420
-0.00937468 0.99923020 0.03809371 -0.71287999
-0.01356735 -0.03821898 0.99917728 3.21358571
0.00000000 0.00000000 0.00000000 1.00000000
178	178	14
0.99986996 0.00924166 0.01321596 2.99649913
-0.00972458 0.99926956 0.03695633 -0.82615401
-0.01286477 -0.03708004 0.99922949 3.21902044
0.00000000 0.00000000 0.00000000 1.00000000
179	179	14
0.99987296 0.00854018 0.01345842 2.99176893
-0.00903022 0.99928252 0.03678186 -0.86437462
-0.01313464 -0.03689872 0.99923269 3.22224364
0.00000000 0.00000000 0.00000000 1.00000000
180	180	14
0.99989269 0.00863126 0.01183699 2.81288407
-0.00891681 0.99966526 0.02428702 -2.09325973
-0.01162340 -0.02438996 0.99963495 3.23551631
0.00000000 0.00000000 0.00000000 1.00000000
181	181	14
0.99991440 -0.00165602 0.01297888 2.89996616
0.00146424 0.99988982 0.01477185 -3.01620921
-0.01300191 -0.01475158 0.99980665 3.25270008
0.00000000 0.00000000 0.00000000 1.00000000
182	182	14
0.99990328 -0.00176417 0.01379532 2.94050057
0.00153784 0.99986433 0.01639966 -2.89337073
-0.01382238 -0.01637686 0.99977034 3.26180562
0.00000000 0.00000000 0.00000000 1.00000000
183	183	14
0.99992386 -0.00193434 0.01218773 2.72745606
0.00180154 0.99993899 0.01089778 -3.39828079
-0.01220807 -0.01087499 0.99986634 3.27669140
0.00000000 0.00000000 0.00000000 1.00000000
184	184	14
0.99991714 -0.00158625 0.01277502 2.74622688
0.00143310 0.99992711 0.01198874 -3.33353574
-0.01279310 -0.01196944 0.99984652 3.27380603
0.00000000 0.00000000 0.00000000 1.00000000
185	185	14
0.99991142 -0.00300136 0.01296724 2.74526792
0.00286353 0.99993935 0.01063467 -3.44793299
-0.01299837 -0.01059660 0.99985937 3.28458616
0.00000000 0.00000000 0.00000000 1.00000000
186	186	14
0.99989984 -0.00139588 0.01408434 2.79534305
0.00121860 0.99992003 0.01258750 -3.33079228
-0.01410079 -0.01256907 0.99982158 3.28401703
0.00000000 0.00000000 0.00000000 1.00000000
187	187	14
0.99990325 -0.00055469 0.01389873 2.75423361
0.00039993 0.99993792 0.01113541 -3.43364092
-0.01390404 -0.01112878 0.99984140 3.28474599
0.00000000 0.00000000 0.00000000 1.00000000
188	188	14
0.99989758 -0.00247221 0.01409654 2.74398890
0.00230941 0.99993059 0.01155328 -3.38830269
-0.01412413 -0.01151954 0.99983389 3.28368169
0.00000000 0.00000000 0.00000000 1.00000000
189	189	14
0.99993300 -0.00011929 0.01157544 2.56094871
-0.00001827 0.99992939 0.01188331 -3.36670475
-0.01157604 -0.01188272 0.99986239 3.29360237
0.00000000 0.00000000 0.00000000 1.00000000
190	190	14
0.99994253 -0.00090550 0.01068219 2.48346122
0.00082176 0.99996892 0.00784074 -3.58351234
-0.01068896 -0.00783152 0.99991220 3.30386331
0.00000000 0.00000000 0.00000000 1.00000000
191	191	14
0.99996020 -0.00100138 0.00886552 2.35055523
0.00094516 0.99997943 0.00634340 -3.65092358
-0.00887169 -0.00633476 0.99994058 3.29575907
0.00000000 0.00000000 0.00000000 1.00000000
192	192	14
0.99994886 -0.00171525 0.00996717 2.37384186
0.00165178 0.99997833 0.00637312 -3.63400801
-0.00997789 -0.00635633 0.99993002 3.30629140
0.00000000 0.00000000 0.00000000 1.00000000
193	193	14
0.99994273 -0.00148163 0.01059959 2.38215021
0.00139113 0.99996256 0.00854031 -3.52341389
-0.01061185 -0.00852507 0.99990735 3.30446896
0.00000000 0.00000000 0.00000000 1.00000000
194	194	14
0.99993766 -0.00477868 0.01009143 2.30532803
0.00469365 0.99995343 0.00843281 -3.52498565
-0.01013125 -0.00838492 0.99991352 3.29111088
0.00000000 0.00000000 0.00000000 1.00000000
195	195	14
0.99994993 -0.00418963 0.00908802 2.20612017
0.00412138 0.99996326 0.00751589 -3.57475659
-0.00911918 -0.00747806 0.99993046 3.29711746
0.00000000 0.00000000 0.00000000 1.00000000
196	196	14
0.99994228 -0.00420788 0.00988579 2.19477099
0.00412725 0.99995817 0.00816244 -3.55751342
-0.00991972 -0.00812117 0.99991782 3.29723874
0.00000000 0.00000000 0.00000000 1.00000000
197	197	14
0.99995235 -0.00339876 0.00915125 2.13573520
0.00332556 0.99996245 0.00800221 -3.57347902
-0.00917811 -0.00797140 0.99992611 3.29373515
0.00000000 0.00000000 0.00000000 1.00000000
198	198	14
0.99995584 -0.00370427 0.00863743 2.08599074
0.00364491 0.99996971 0.00687748 -3.61714421
-0.00866264 -0.00684570 0.99993905 3.29733468
0.00000000 0.00000000 0.00000000 1.00000000
199	199	14
0.99996754 -0.00146615 0.00792234 2.03194232
0.00141291 0.99997641 0.00672168 -3.61520685
-0.00793201 -0.00671027 0.99994603 3.30367693
0.00000000 0.00000000 0.00000000 1.00000000
200	200	14
0.99996272 -0.00164262 0.00847716 2.01664378
0.00158717 0.99997733 0.00654346 -3.61948131
-0.00848771 -0.00652976 0.99994266 3.30557416
0.00000000 0.00000000 0.00000000 1.00000000
201	201	14
0.99995983 0.00014623 0.00896238 1.99301832
-0.00021555 0.99997007 0.00773356 -3.58919069
-0.00896098 -0.00773518 0.99992993 3.30615756
0.00000000 0.00000000 0.00000000 1.00000000
202	202	14
0.99995861 0.00111232 0.00903001 1.96070630
-0.00117417 0.99997587 0.00684671 -3.62251348
-0.00902218 -0.00685703 0.99993579 3.30796334
0.00000000 0.00000000 0.00000000 1.00000000
203	203	14
0.99995465 -0.00055372 0.00950738 1.95119811
0.00047954 0.99996944 0.00780347 -3.58842758
-0.00951141 -0.00779856 0.99992435 3.30633704
0.00000000 0.00000000 0.00000000 1.00000000
204	204	14
0.99995637 -0.00280201 0.00891123 1.89746961
0.00273155 0.99996500 0.00790844 -3.58299380
-0.00893307 -0.00788375 0.99992902 3.30262525
0.00000000 0.00000000 0.00000000 1.00000000
205	205	14
0.99995877 -0.00313607 0.00852137 1.86391699
0.00307733 0.99997148 0.00689677 -3.60348570
-0.00854275 -0.00687026 0.99993991 3.29741227
0.00000000 0.00000000 0.00000000 1.00000000
206	206	14
0.99996818 -0.00218773 0.00767193 1.81086768
0.00214428 0.99998165 0.00566636 -3.63342704
-0.00768418 -0.00564973 0.99995452 3.29716739
0.00000000 0.00000000 0.00000000 1.00000000
207	207	14
0.99997168 -0.00188669 0.00728520 1.77008838
0.00185751 0.99999023 0.00401052 -3.68274158
-0.00729269 -0.00399687 0.99996542 3.30367984
0.00000000 0.00000000 0.00000000 1.00000000
208	208	14
0.99997356 0.00020626 0.00726821 1.73758660
-0.00023230 0.99999356 0.00358253 -3.69041879
-0.00726743 -0.00358412 0.99996717 3.29362610
0.00000000 0.00000000 0.00000000 1.00000000
209	209	14
0.99998226 0.00051709 0.00593326 1.68116138
-0.00052610 0.99999871 0.00151640 -3.76165587
