0	0	14
0.98798056 0.15054278 0.03508957 -41.61260961
-0.15116591 0.98838174 0.01582389 1.76091856
-0.03229971 -0.02093804 0.99925889 6.26171368
0.00000000 0.00000000 0.00000000 1.00000000
0	0	14
0.98832980 0.14814145 0.03547280 -41.62955534
-0.14878854 0.98873401 0.01634100 1.75086216
-0.03265239 -0.02142824 0.99923704 6.25786519
0.00000000 0.00000000 0.00000000 1.00000000
1	1	14
0.98851826 0.14638784 0.03744673 -41.60416531
-0.14696869 0.98905246 0.01324499 1.67899225
-0.03509788 -0.01859641 0.99921085 6.22848862
0.00000000 0.00000000 0.00000000 1.00000000
2	2	14
0.98850080 0.14613928 0.03885205 -41.59647360
-0.14682521 0.98904233 0.01541489 1.73281778
-0.03617360 -0.02094209 0.99912607 6.18281826
0.00000000 0.00000000 0.00000000 1.00000000
3	3	14
0.98848545 0.14557015 0.04130187 -41.55039093
-0.14624587 0.98915168 0.01382396 1.69208725
-0.03884146 -0.01970501 0.99905108 6.12325543
0.00000000 0.00000000 0.00000000 1.00000000
4	4	14
0.98834983 0.14625127 0.04213283 -41.53174294
-0.14684640 0.98909387 0.01137777 1.63890174
-0.04000932 -0.01743227 0.99904723 6.08571459
0.00000000 0.00000000 0.00000000 1.00000000
5	5	14
0.98797818 0.14870732 0.04225211 -41.52840807
-0.14925808 0.98874591 0.01017621 1.62803718
-0.04026333 -0.01636034 0.99905516 6.06357392
0.00000000 0.00000000 0.00000000 1.00000000
6	6	14
0.98833051 0.14627896 0.04248840 -41.50900833
-0.14678759 0.98912625 0.00909180 1.59165617
-0.04069645 -0.01522248 0.99905559 6.08926858
0.00000000 0.00000000 0.00000000 1.00000000
7	7	14
0.99028463 0.13132926 0.04570532 -41.46880938
-0.13189659 0.99121686 0.00961345 1.47556048
-0.04404136 -0.01554843 0.99890871 6.09606141
0.00000000 0.00000000 0.00000000 1.00000000
8	8	14
0.99003091 0.13147323 0.05053299 -41.47118039
-0.13400093 0.98969953 0.05038446 1.43437975
-0.04338827 -0.05665364 0.99745066 6.15230861
0.00000000 0.00000000 0.00000000 1.00000000
9	9	14
0.99005922 0.13102026 0.05115102 -41.47751007
-0.13370932 0.98958874 0.05325359 1.43118827
-0.04364117 -0.05956358 0.99727009 6.13856160
0.00000000 0.00000000 0.00000000 1.00000000
10	10	14
0.99011131 0.13030401 0.05196595 -41.46742019
-0.13291825 0.98984019 0.05048901 1.46144425
-0.04485907 -0.05689696 0.99737175 6.08711756
0.00000000 0.00000000 0.00000000 1.00000000
11	11	14
0.99038663 0.12763279 0.05333090 -41.44415143
-0.13056232 0.98987882 0.05561841 1.53943551
-0.04569239 -0.06204673 0.99702678 6.05134005
0.00000000 0.00000000 0.00000000 1.00000000
12	12	14
0.99072000 0.12473753 0.05398554 -41.41311031
-0.12792828 0.98994595 0.06034372 1.65882205
-0.04591564 -0.06669000 0.99671671 6.03108080
0.00000000 0.00000000 0.00000000 1.00000000
13	13	14
0.99053936 0.12588235 0.05463886 -41.40646396
-0.12943197 0.98930974 0.06718332 1.62632412
-0.04559756 -0.07361974 0.99624344 6.02895005
0.00000000 0.00000000 0.00000000 1.00000000
14	14	14
0.99043614 0.12769693 0.05224693 -41.41642348
-0.13086248 0.98943061 0.06246659 1.54197520
-0.04371792 -0.06870634 0.99667858 6.11307763
0.00000000 0.00000000 0.00000000 1.00000000
15	15	14
0.99041805 0.12813245 0.05151846 -41.39246766
-0.13014621 0.99077281 0.03783130 1.47043650
-0.04619568 -0.04417374 0.99795523 5.92011558
0.00000000 0.00000000 0.00000000 1.00000000
16	16	14
0.98990644 0.13005657 0.05630748 -41.39791803
-0.13310450 0.98961588 0.05425492 1.37485863
-0.04866656 -0.06120207 0.99693825 5.78308114
0.00000000 0.00000000 0.00000000 1.00000000
17	17	14
0.99038998 0.12882657 0.05031307 -41.38232085
-0.13072951 0.99074403 0.03655204 1.45255620
-0.04513850 -0.04277818 0.99806440 5.95100195
0.00000000 0.00000000 0.00000000 1.00000000
18	18	14
0.99053412 0.12806114 0.04942162 -41.38013320
-0.12994434 0.99083170 0.03697308 1.49818022
-0.04423369 -0.04304515 0.99809343 5.99125625
0.00000000 0.00000000 0.00000000 1.00000000
19	19	14
0.99060493 0.12764529 0.04907700 -41.36300377
-0.12960209 0.99079912 0.03899236 1.53927334
-0.04364825 -0.04498651 0.99803359 6.00588211
0.00000000 0.00000000 0.00000000 1.00000000
20	20	14
0.99064814 0.12734620 0.04898169 -41.36583573
-0.12941343 0.99071638 0.04163200 1.58857846
-0.04322529 -0.04758155 0.99793165 6.02301226
0.00000000 0.00000000 0.00000000 1.00000000
21	21	14
0.99076151 0.12649301 0.04889934 -41.36511483
-0.12841555 0.99097690 0.03839579 1.67656749
-0.04360132 -0.04432051 0.99806544 5.97166695
0.00000000 0.00000000 0.00000000 1.00000000
22	22	14
0.99087868 0.12569560 0.04858043 -41.35729597
-0.12727414 0.99138669 0.03088250 1.76349311
-0.04428020 -0.03678384 0.99834173 5.88780248
0.00000000 0.00000000 0.00000000 1.00000000
23	23	14
0.99056333 0.12788029 0.04930429 -41.38501656
-0.12957574 0.99102469 0.03286632 1.60330200
-0.04465882 -0.03894481 0.99824290 5.85023821
0.00000000 0.00000000 0.00000000 1.00000000
24	24	14
0.99032108 0.12963261 0.04959379 -41.42913034
-0.13064177 0.99127224 0.01766551 1.42032470
-0.04687092 -0.02397355 0.99861323 5.62004380
0.00000000 0.00000000 0.00000000 1.00000000
25	25	14
0.98997009 0.13207918 0.05014296 -41.48843650
-0.13320679 0.99088966 0.01984000 1.21156702
-0.04706570 -0.02632039 0.99854497 5.60630603
0.00000000 0.00000000 0.00000000 1.00000000
26	26	14
0.99089337 0.12637873 0.04646227 -41.45191934
-0.12771280 0.99144494 0.02695135 1.76474901
-0.04265871 -0.03263974 0.99855640 6.06301287
0.00000000 0.00000000 0.00000000 1.00000000
27	27	14
0.99090216 0.12718168 0.04401968 -41.49606318
-0.12877731 0.99103687 0.03552919 1.75655647
-0.03910647 -0.04087468 0.99839869 6.44745578
0.00000000 0.00000000 0.00000000 1.00000000
28	28	14
0.99078898 0.12796126 0.04430700 -41.53030621
-0.12907696 0.99136086 0.02329767 1.63059848
-0.04094302 -0.02880209 0.99874627 6.27890415
0.00000000 0.00000000 0.00000000 1.00000000
29	29	14
0.99085603 0.12707608 0.04534313 -41.52498157
-0.12777710 0.99171901 0.01290062 1.68749658
-0.04332828 -0.01857647 0.99888817 6.05275855
0.00000000 0.00000000 0.00000000 1.00000000
30	30	14
0.99077793 0.12976304 0.03899558 -41.57250216
-0.13024898 0.99142906 0.01017978 1.47667692
-0.03734039 -0.01516504 0.99918753 6.46826249
0.00000000 0.00000000 0.00000000 1.00000000
31	31	14
0.99042350 0.13227141 0.03956723 -41.60727027
-0.13373004 0.99033389 0.03681122 1.41425121
-0.03431569 -0.04175002 0.99853862 6.66359937
0.00000000 0.00000000 0.00000000 1.00000000
32	32	14
0.99083342 0.12945294 0.03861438 -41.57461942
-0.13091325 0.99066376 0.03803995 1.63956713
-0.03332949 -0.04274639 0.99852987 6.68399286
0.00000000 0.00000000 0.00000000 1.00000000
33	33	14
0.99067430 0.13116201 0.03689119 -41.60422228
-0.13254475 0.99045119 0.03792537 1.50864016
-0.03156456 -0.04246142 0.99859937 6.80775767
0.00000000 0.00000000 0.00000000 1.00000000
34	34	14
0.99060140 0.13065410 0.04047680 -41.67883703
-0.13223684 0.99044058 0.03925403 1.51200327
-0.03496116 -0.04423762 0.99840911 6.52597105
0.00000000 0.00000000 0.00000000 1.00000000
35	35	14
0.99081211 0.12946700 0.03911079 -41.67656782
-0.13093035 0.99068199 0.03750252 1.62457105
-0.03389102 -0.04227874 0.99853087 6.61787089
0.00000000 0.00000000 0.00000000 1.00000000
36	36	14
0.98992882 0.13462608 0.04378068 -41.86772977
-0.13634631 0.98989302 0.03900640 1.14637931
-0.03808691 -0.04458289 0.99827940 6.28985296
0.00000000 0.00000000 0.00000000 1.00000000
37	37	14
0.99020732 0.13113085 0.04789740 -41.98012399
-0.13289088 0.99049075 0.03561012 1.47286309
-0.04277234 -0.04162653 0.99821729 5.87687306
0.00000000 0.00000000 0.00000000 1.00000000
38	38	14
0.99000961 0.13249687 0.04822392 -42.04555591
-0.13452912 0.99003375 0.04165451 1.20499150
-0.04222422 -0.04772589 0.99796761 5.91895468
0.00000000 0.00000000 0.00000000 1.00000000
39	39	14
0.98995671 0.13267028 0.04882940 -42.09200835
-0.13503469 0.98963838 0.04880061 0.93491773
-0.04184906 -0.05490416 0.99761425 5.92795408
0.00000000 0.00000000 0.00000000 1.00000000
40	40	14
0.98993621 0.13316878 0.04787883 -42.08427992
-0.13561656 0.98938890 0.05213216 0.74644969
-0.04042840 -0.05810067 0.99749178 6.05113583
0.00000000 0.00000000 0.00000000 1.00000000
41	41	14
0.99046618 0.12963837 0.04659005 -42.01229412
-0.13194248 0.98997825 0.05034123 1.11530080
-0.03959698 -0.05600850 0.99764479 6.08158744
0.00000000 0.00000000 0.00000000 1.00000000
42	42	14
0.99040135 0.13040987 0.04580869 -42.02074742
-0.13255526 0.99004113 0.04740955 1.18215972
-0.03916981 -0.05302667 0.99782458 6.10585174
0.00000000 0.00000000 0.00000000 1.00000000
43	43	14
0.99092560 0.12654281 0.04531408 -41.98408129
-0.12883781 0.99030567 0.05191810 1.31820727
-0.03830493 -0.05728515 0.99762275 6.18711317
0.00000000 0.00000000 0.00000000 1.00000000
44	44	14
0.99076352 0.12785728 0.04516815 -41.99452525
-0.13013350 0.99014935 0.05166762 1.23317418
-0.03811714 -0.05706829 0.99764237 6.19176592
0.00000000 0.00000000 0.00000000 1.00000000
45	45	14
0.99042645 0.12976538 0.04707849 -42.13238214
-0.13214423 0.98989055 0.05152275 1.06670582
-0.03991668 -0.05725065 0.99756154 6.07352449
0.00000000 0.00000000 0.00000000 1.00000000
46	46	14
0.99087980 0.12685800 0.04543428 -42.01187250
-0.12918322 0.99022843 0.05252953 1.24617951
-0.03832652 -0.05791979 0.99758527 6.20728156
0.00000000 0.00000000 0.00000000 1.00000000
47	47	14
0.99093454 0.12584798 0.04702163 -42.14967314
-0.12804860 0.99064664 0.04714646 1.69189151
-0.04064853 -0.05274011 0.99778063 5.99676297
0.00000000 0.00000000 0.00000000 1.00000000
48	48	14
0.99062122 0.12762071 0.04881150 -42.34608083
-0.12969174 0.99066835 0.04190801 1.95960557
-0.04300767 -0.04784541 0.99792843 5.53224553
0.00000000 0.00000000 0.00000000 1.00000000
49	49	14
0.99045199 0.12958476 0.04703881 -42.31654430
-0.13152490 0.99047317 0.04079342 1.79313538
-0.04130447 -0.04659070 0.99805974 5.62968150
0.00000000 0.00000000 0.00000000 1.00000000
50	50	14
0.99091199 0.12558984 0.04817274 -42.39061736
-0.12751986 0.99105613 0.03932460 2.20924884
-0.04280312 -0.04511020 0.99806461 5.52160509
0.00000000 0.00000000 0.00000000 1.00000000
51	51	14
0.99159660 0.11946187 0.04964927 -42.47496883
-0.12168542 0.99157213 0.04446764 2.22590496
-0.04391865 -0.05013555 0.99777632 5.42952118
0.00000000 0.00000000 0.00000000 1.00000000
52	52	14
0.99133449 0.12181764 0.04915681 -42.49458859
-0.12386806 0.99144851 0.04106779 2.29849370
-0.04373366 -0.04680087 0.99794641 5.45426307
0.00000000 0.00000000 0.00000000 1.00000000
53	53	14
0.99168731 0.11889031 0.04920735 -42.49587234
-0.12106844 0.99167140 0.04393472 2.26696780
-0.04357411 -0.04952696 0.99782182 5.47901394
0.00000000 0.00000000 0.00000000 1.00000000
54	54	14
0.99153686 0.11921179 0.05141206 -42.69431294
-0.12172916 0.99135445 0.04897316 1.76536447
-0.04512939 -0.05481704 0.99747603 5.39855127
0.00000000 0.00000000 0.00000000 1.00000000
55	55	14
0.99161772 0.11912503 0.05003518 -42.57237847
-0.12152938 0.99142077 0.04811928 1.86119017
-0.04387371 -0.05379667 0.99758760 5.49918439
0.00000000 0.00000000 0.00000000 1.00000000
56	56	14
0.99180077 0.11766673 0.04985750 -42.55075083
-0.12017637 0.99145508 0.05073925 1.71418763
-0.04346115 -0.05631492 0.99746667 5.58909848
0.00000000 0.00000000 0.00000000 1.00000000
57	57	14
0.99227850 0.11315291 0.05079167 -42.58711378
-0.11579533 0.99188465 0.05250037 1.91547039
-0.04443891 -0.05797642 0.99732839 5.53528915
0.00000000 0.00000000 0.00000000 1.00000000
58	58	14
0.99215139 0.11466245 0.04988119 -42.50200124
-0.11725876 0.99170369 0.05267040 1.74886437
-0.04342805 -0.05810601 0.99736538 5.63347146
0.00000000 0.00000000 0.00000000 1.00000000
59	59	14
0.99232418 0.11399588 0.04793401 -42.27585117
-0.11649602 0.99177228 0.05307001 1.73327977
-0.04148986 -0.05824678 0.99743967 5.81325897
0.00000000 0.00000000 0.00000000 1.00000000
60	60	14
0.99254567 0.11236192 0.04720045 -42.16681140
-0.11502761 0.99165774 0.05816855 1.35178831
-0.04027076 -0.06316430 0.99719032 5.95122749
0.00000000 0.00000000 0.00000000 1.00000000
61	61	14
0.99267014 0.11195561 0.04551847 -41.96540911
-0.11459699 0.99158141 0.06028134 1.15094407
-0.03838644 -0.06505576 0.99714303 6.12320466
0.00000000 0.00000000 0.00000000 1.00000000
62	62	14
0.99297625 0.10924513 0.04542756 -41.88586890
-0.11206216 0.99157690 0.06494098 0.91615331
-0.03795044 -0.06957556 0.99685456 6.19710343
0.00000000 0.00000000 0.00000000 1.00000000
63	63	14
0.99310270 0.10865426 0.04406003 -41.69467952
-0.11144995 0.99151338 0.06693374 0.76669727
-0.03641347 -0.07138257 0.99678412 6.33188332
0.00000000 0.00000000 0.00000000 1.00000000
64	64	14
0.99314803 0.10894260 0.04229057 -41.47332088
-0.11140315 0.99190176 0.06099372 1.38284250
-0.03530328 -0.06528710 0.99724183 6.38975665
0.00000000 0.00000000 0.00000000 1.00000000
65	65	14
0.99313200 0.10938011 0.04153092 -41.37478823
-0.11168703 0.99204824 0.05801986 1.66690536
-0.03485446 -0.06225984 0.99745119 6.40840959
0.00000000 0.00000000 0.00000000 1.00000000
66	66	14
0.99311254 0.10873243 0.04364344 -41.58107083
-0.11128698 0.99190611 0.06113493 1.43727791
-0.03664284 -0.06557081 0.99717489 6.21496989
0.00000000 0.00000000 0.00000000 1.00000000
67	67	14
0.99304844 0.10922522 0.04387071 -41.61315347
-0.11172144 0.99197621 0.05917360 1.60929325
-0.03705545 -0.06366355 0.99728323 6.15250497
0.00000000 0.00000000 0.00000000 1.00000000
68	68	14
0.99349312 0.10488146 0.04439944 -41.63316218
-0.10727271 0.99268390 0.05541879 2.60993859
-0.03826221 -0.05982104 0.99747554 5.98769501
0.00000000 0.00000000 0.00000000 1.00000000
69	69	14
0.99380122 0.10097825 0.04650296 -41.78773876
-0.10343662 0.99317466 0.05389767 3.29964346
-0.04074307 -0.05837368 0.99746304 5.69508126
0.00000000 0.00000000 0.00000000 1.00000000
70	70	14
0.99423115 0.09714876 0.04545920 -41.63195079
-0.09942259 0.99374978 0.05075944 4.13857209
-0.04024386 -0.05498628 0.99767577 5.72955965
0.00000000 0.00000000 0.00000000 1.00000000
71	71	14
0.99415798 0.09733284 0.04665015 -41.77335799
-0.09983158 0.99350438 0.05461416 3.70915712
-0.04103138 -0.05895226 0.99741719 5.65234934
0.00000000 0.00000000 0.00000000 1.00000000
72	72	14
0.99448756 0.09454430 0.04534159 -41.60702814
-0.09690289 0.99388202 0.05299398 4.25474846
-0.04005391 -0.05709559 0.99756492 5.75632798
0.00000000 0.00000000 0.00000000 1.00000000
73	73	14
0.99389896 0.10015929 0.04618404 -41.75415007
-0.10261621 0.99323737 0.05430869 3.33160541
-0.04043219 -0.05871658 0.99745556 5.70394938
0.00000000 0.00000000 0.00000000 1.00000000
74	74	14
0.99387858 0.10135125 0.04396913 -41.52672248
-0.10340994 0.99350943 0.04738560 3.82212214
-0.03888115 -0.05164238 0.99790847 5.86367855
0.00000000 0.00000000 0.00000000 1.00000000
75	75	14
0.99405437 0.10169795 0.03890285 -41.05568676
-0.10320001 0.99390466 0.03877213 4.57635731
-0.03472267 -0.04255638 0.99849051 6.40791448
0.00000000 0.00000000 0.00000000 1.00000000
76	76	14
0.99408693 0.10094258 0.04002202 -41.10692174
-0.10257083 0.99388204 0.04096002 4.50293363
-0.03564256 -0.04482291 0.99835891 6.25001004
0.00000000 0.00000000 0.00000000 1.00000000
77	77	14
0.99364006 0.10370587 0.04386946 -41.43865277
-0.10565731 0.99339371 0.04478238 3.76773515
-0.03893545 -0.04913270 0.99803307 5.76003621
0.00000000 0.00000000 0.00000000 1.00000000
78	78	14
0.99355300 0.10363670 0.04595503 -41.57408662
-0.10579688 0.99325900 0.04736638 3.58501324
-0.04073635 -0.05192291 0.99781990 5.46775657
0.00000000 0.00000000 0.00000000 1.00000000
79	79	14
0.99388882 0.10024779 0.04621040 -41.50503755
-0.10235240 0.99369891 0.04567784 4.29126554
-0.04134012 -0.05012844 0.99788683 5.32690487
0.00000000 0.00000000 0.00000000 1.00000000
80	80	14
0.99349025 0.10356295 0.04745362 -41.66168595
-0.10578535 0.99327804 0.04699151 3.64786533
-0.04226806 -0.05170551 0.99776748 5.14623109
0.00000000 0.00000000 0.00000000 1.00000000
81	81	14
0.99356292 0.10250867 0.04821520 -41.67632709
-0.10496379 0.99314237 0.05148630 3.48195389
-0.04260676 -0.05621573 0.99750913 5.09034188
0.00000000 0.00000000 0.00000000 1.00000000
82	82	14
0.99400988 0.09909516 0.04609228 -41.43522404
-0.10139696 0.99355780 0.05061175 4.11185063
-0.04077996 -0.05498219 0.99765423 5.37750693
0.00000000 0.00000000 0.00000000 1.00000000
83	83	14
0.99398625 0.09941426 0.04591444 -41.39798479
-0.10194055 0.99318948 0.05641616 3.68498037
-0.03999317 -0.06075744 0.99735103 5.52614024
0.00000000 0.00000000 0.00000000 1.00000000
84	84	14
0.99414655 0.09737234 0.04681096 -41.38735245
-0.09992363 0.99343716 0.05565852 4.12490745
-0.04108415 -0.06001025 0.99735193 5.31672054
0.00000000 0.00000000 0.00000000 1.00000000
85	85	14
0.99430012 0.09596517 0.04645389 -41.31143201
-0.09846832 0.99362012 0.05498219 4.52021855
-0.04088115 -0.05924303 0.99740613 5.30989942
0.00000000 0.00000000 0.00000000 1.00000000
86	86	14
0.99392289 0.09975503 0.04654260 -41.40240120
-0.10220837 0.99331254 0.05369963 3.85633667
-0.04087454 -0.05813034 0.99747187 5.29269531
0.00000000 0.00000000 0.00000000 1.00000000
87	87	14
0.99373413 0.10080728 0.04827390 -41.51696850
-0.10336253 0.99319122 0.05373442 3.64223740
-0.04252839 -0.05838744 0.99738771 4.99086416
0.00000000 0.00000000 0.00000000 1.00000000
88	88	14
0.99391863 0.09933866 0.04751412 -41.43630940
-0.10177858 0.99344561 0.05202829 4.03599166
-0.04203427 -0.05654781 0.99751464 5.08641556
0.00000000 0.00000000 0.00000000 1.00000000
89	89	14
0.99418181 0.09745993 0.04587029 -41.31132220
-0.09977990 0.99368415 0.05133993 4.44502021
-0.04057699 -0.05561815 0.99762725 5.36780976
0.00000000 0.00000000 0.00000000 1.00000000
90	90	14
0.99432532 0.09653686 0.04469668 -41.26003468
-0.09897453 0.99351407 0.05598069 4.41675318
-0.03900258 -0.06008685 0.99743088 5.70571644
0.00000000 0.00000000 0.00000000 1.00000000
91	91	14
0.99463019 0.09358862 0.04418091 -41.17891847
-0.09619108 0.99349200 0.06099939 4.77592448
-0.03818453 -0.06492165 0.99715953 5.89171941
0.00000000 0.00000000 0.00000000 1.00000000
92	92	14
0.99483892 0.09124472 0.04438378 -41.13110802
-0.09402126 0.99343860 0.06511333 5.04736406
-0.03815132 -0.06895030 0.99689033 5.92881160
0.00000000 0.00000000 0.00000000 1.00000000
93	93	14
0.99469821 0.09216398 0.04562105 -41.18819623
-0.09499002 0.99340377 0.06423276 4.91549170
-0.03940018 -0.06822576 0.99689160 5.70389084
0.00000000 0.00000000 0.00000000 1.00000000
94	94	14
0.99463834 0.09202419 0.04718171 -41.24260080
-0.09488694 0.99352250 0.06252604 4.99279042
-0.04112218 -0.06666772 0.99692747 5.39630697
0.00000000 0.00000000 0.00000000 1.00000000
95	95	14
0.99461063 0.09203178 0.04774782 -41.25517469
-0.09490733 0.99355802 0.06192781 5.00625292
-0.04174090 -0.06612567 0.99693786 5.29292750
0.00000000 0.00000000 0.00000000 1.00000000
96	96	14
0.99470834 0.09081715 0.04803715 -41.24136654
-0.09387637 0.99340650 0.06580850 5.11785295
-0.04174388 -0.06996981 0.99667531 5.30905826
0.00000000 0.00000000 0.00000000 1.00000000
97	97	14
0.99482554 0.08974318 0.04762685 -41.21932731
-0.09269672 0.99364010 0.06392699 5.37662964
-0.04158693 -0.06801106 0.99681745 5.33393468
0.00000000 0.00000000 0.00000000 1.00000000
98	98	14
0.99496789 0.08856795 0.04684665 -41.18834649
-0.09143308 0.99381429 0.06303287 5.61098914
-0.04097418 -0.06699902 0.99691135 5.44072178
0.00000000 0.00000000 0.00000000 1.00000000
99	99	14
0.99500888 0.08840337 0.04628357 -41.18351133
-0.09118595 0.99390662 0.06192546 5.70371938
-0.04052713 -0.06583679 0.99700706 5.49496138
0.00000000 0.00000000 0.00000000 1.00000000
100	100	14
0.99527523 0.08492700 0.04705976 -41.15643147
-0.08787839 0.99402999 0.06466658 6.18188430
-0.04128688 -0.06849658 0.99679668 5.35877905
0.00000000 0.00000000 0.00000000 1.00000000
101	101	14
0.99522131 0.08576702 0.04667513 -41.16499402
-0.08879234 0.99378425 0.06714746 6.02629492
-0.04062597 -0.07097097 0.99665072 5.48118481
0.00000000 0.00000000 0.00000000 1.00000000
102	102	14
0.99532455 0.08468833 0.04644275 -41.12390343
-0.08752747 0.99417118 0.06294932 6.27851324
-0.04084097 -0.06672002 0.99693553 5.42871135
0.00000000 0.00000000 0.00000000 1.00000000
103	103	14
0.99533824 0.08379524 0.04775096 -41.11371881
-0.08607038 0.99514336 0.04776588 6.58585156
-0.04351649 -0.05165315 0.99771653 4.94937779
0.00000000 0.00000000 0.00000000 1.00000000
104	104	14
0.99561416 0.08138362 0.04614268 -41.02581568
-0.08367092 0.99523738 0.05001737 6.95299948
-0.04185232 -0.05365880 0.99768187 5.20904544
0.00000000 0.00000000 0.00000000 1.00000000
105	105	14
0.99569087 0.08002744 0.04685399 -40.98328113
-0.08230288 0.99541017 0.04883478 7.16808160
-0.04273082 -0.05248056 0.99770731 5.05160649
0.00000000 0.00000000 0.00000000 1.00000000
106	106	14
0.99565824 0.08088571 0.04606710 -40.97284529
-0.08305052 0.99542721 0.04719418 7.06905103
-0.04203911 -0.05081517 0.99782290 5.14905938
0.00000000 0.00000000 0.00000000 1.00000000
107	107	14
0.99597741 0.07704432 0.04575128 -40.90410049
-0.07919794 0.99573665 0.04728854 7.62811624
-0.04191291 -0.05072173 0.99783296 5.17228555
0.00000000 0.00000000 0.00000000 1.00000000
108	108	14
0.99613167 0.07568147 0.04465428 -40.89074800
-0.07762591 0.99603110 0.04354624 7.79920711
-0.04118141 -0.04684411 0.99805296 5.24010453
0.00000000 0.00000000 0.00000000 1.00000000
109	109	14
0.99588040 0.07886436 0.04475087 -40.92743120
-0.08084776 0.99573749 0.04439029 7.34628238
-0.04105931 -0.04782543 0.99801145 5.25424941
0.00000000 0.00000000 0.00000000 1.00000000
110	110	14
0.99568704 0.08203731 0.04332671 -41.01459509
-0.08376108 0.99569906 0.03959119 6.75013369
-0.03989241 -0.04304953 0.99827618 5.41561088
0.00000000 0.00000000 0.00000000 1.00000000
111	111	14
0.99583556 0.08129961 0.04125423 -41.05840541
-0.08293284 0.99576986 0.03955402 6.87185892
-0.03786400 -0.04281063 0.99836545 5.73606410
0.00000000 0.00000000 0.00000000 1.00000000
112	112	14
0.99596134 0.07952198 0.04168049 -41.01893226
-0.08113273 0.99595976 0.03849192 7.12219748
-0.03845114 -0.04171811 0.99838926 5.64158515
0.00000000 0.00000000 0.00000000 1.00000000
113	113	14
0.99565213 0.08269825 0.04286998 -41.02666980
-0.08430030 0.99575272 0.03701322 6.59102968
-0.03962697 -0.04046625 0.99839480 5.46647520
0.00000000 0.00000000 0.00000000 1.00000000
114	114	14
0.99552571 0.08423259 0.04281848 -41.03771866
-0.08575912 0.99569539 0.03515782 6.28802048
-0.03967273 -0.03867259 0.99846407 5.46449952
0.00000000 0.00000000 0.00000000 1.00000000
115	115	14
0.99569778 0.08116703 0.04469718 -40.89733906
-0.08269656 0.99601145 0.03350314 6.66393249
-0.04179955 -0.03705530 0.99843863 5.12037869
0.00000000 0.00000000 0.00000000 1.00000000
116	116	14
0.99550622 0.08303495 0.04552532 -40.87615831
-0.08454449 0.99589611 0.03229810 6.32272201
-0.04265662 -0.03600188 0.99844092 4.98133498
0.00000000 0.00000000 0.00000000 1.00000000
117	117	14
0.99546369 0.08222081 0.04787247 -40.73990099
-0.08365881 0.99607677 0.02884899 6.24623104
-0.04531267 -0.03272308 0.99843676 4.58611928
0.00000000 0.00000000 0.00000000 1.00000000
118	118	14
0.99520604 0.08384543 0.05034760 -40.62551797
-0.08593170 0.99546496 0.04080750 6.67882702
-0.04669775 -0.04493832 0.99789772 4.39866957
0.00000000 0.00000000 0.00000000 1.00000000
119	119	14
0.99475224 0.08958622 0.04941948 -40.79093903
-0.09162574 0.99496258 0.04067178 5.82114688
-0.04552690 -0.04498644 0.99794966 4.58085576
0.00000000 0.00000000 0.00000000 1.00000000
120	120	14
0.99458803 0.09183200 0.04859561 -40.89616396
-0.09426542 0.99427030 0.05040440 6.12413979
-0.04368843 -0.05471250 0.99754592 4.90715480
0.00000000 0.00000000 0.00000000 1.00000000
121	121	14
0.99428834 0.09484290 0.04894414 -40.92917890
-0.09733738 0.99392429 0.05138033 5.75675157
-0.04377371 -0.05585095 0.99747909 4.94216276
0.00000000 0.00000000 0.00000000 1.00000000
122	122	14
0.99434636 0.09383495 0.04970235 -40.86809407
-0.09643374 0.99394019 0.05275831 6.01010971
-0.04445059 -0.05725301 0.99736966 4.85724754
0.00000000 0.00000000 0.00000000 1.00000000
123	123	14
0.99422491 0.09481419 0.05027027 -40.86298762
-0.09744290 0.99384448 0.05270710 5.87763992
-0.04496345 -0.05730120 0.99734390 4.78399507
0.00000000 0.00000000 0.00000000 1.00000000
124	124	14
0.99393925 0.09693045 0.05185803 -40.79701829
-0.09957163 0.99372099 0.05103028 5.42468810
-0.04658602 -0.05588459 0.99734982 4.52557622
0.00000000 0.00000000 0.00000000 1.00000000
125	125	14
0.99397814 0.09600869 0.05281852 -40.70507302
-0.09871569 0.99379364 0.05127777 5.59143969
-0.04756759 -0.05618300 0.99728672 4.36932242
0.00000000 0.00000000 0.00000000 1.00000000
126	126	14
0.99380330 0.09737536 0.05360072 -40.66114285
-0.10009626 0.99368730 0.05065861 5.35683658
-0.04832945 -0.05570993 0.99727663 4.24688831
0.00000000 0.00000000 0.00000000 1.00000000
127	127	14
0.99365437 0.09834824 0.05457668 -40.60521503
-0.10106970 0.99364379 0.04956754 5.12151404
-0.04935490 -0.05476905 0.99727852 4.07154004
0.00000000 0.00000000 0.00000000 1.00000000
128	128	14
0.99355150 0.09974160 0.05391683 -40.69513856
-0.10243772 0.99349246 0.04979193 4.95886994
-0.04859964 -0.05499396 0.99730323 4.14232140
0.00000000 0.00000000 0.00000000 1.00000000
129	129	14
0.99341654 0.10045315 0.05507033 -40.61274203
-0.10315192 0.99347910 0.04856911 4.70686342
-0.04983230 -0.05392997 0.99730051 3.97082555
0.00000000 0.00000000 0.00000000 1.00000000
130	130	14
0.99336993 0.10063792 0.05557144 -40.58499574
-0.10336965 0.99345081 0.04868475 4.67907804
-0.05030796 -0.05410637 0.99726707 3.89845166
0.00000000 0.00000000 0.00000000 1.00000000
131	131	14
0.99334068 0.10098508 0.05546442 -40.61375723
-0.10371823 0.99340745 0.04882785 4.64157743
-0.05016788 -0.05425536 0.99726603 3.92089096
0.00000000 0.00000000 0.00000000 1.00000000
132	132	14
0.99334158 0.10127262 0.05492141 -40.68360423
-0.10400219 0.99335199 0.04934951 4.66802273
-0.04955854 -0.05473287 0.99727041 4.02046913
0.00000000 0.00000000 0.00000000 1.00000000
133	133	14
0.99328277 0.10182960 0.05495515 -40.68578115
-0.10450216 0.99335759 0.04816632 4.44927303
-0.04968536 -0.05358570 0.99732639 4.00996357
0.00000000 0.00000000 0.00000000 1.00000000
134	134	14
0.99330850 0.10161223 0.05489245 -40.68859102
-0.10426997 0.99339310 0.04793662 4.41835759
-0.04965883 -0.05333949 0.99734091 3.98298755
0.00000000 0.00000000 0.00000000 1.00000000
135	135	14
0.99334696 0.10118421 0.05498700 -40.66367858
-0.10389368 0.99338689 0.04887330 4.52965938
-0.04967815 -0.05426094 0.99729024 3.93804572
0.00000000 0.00000000 0.00000000 1.00000000
136	136	14
0.99348959 0.10018702 0.05423097 -40.73079931
-0.10292795 0.99341350 0.05035321 4.79872230
-0.04882904 -0.05560728 0.99725802 4.08199611
0.00000000 0.00000000 0.00000000 1.00000000
137	137	14
0.99344531 0.10026311 0.05489733 -40.66646446
-0.10304493 0.99339758 0.05042816 4.76742064
-0.04947879 -0.05575451 0.99721777 4.00229551
0.00000000 0.00000000 0.00000000 1.00000000
138	138	14
0.99327290 0.10171672 0.05534118 -40.65740485
-0.10452665 0.99323937 0.05049478 4.53211163
-0.04983088 -0.05593973 0.99718987 3.96368865
0.00000000 0.00000000 0.00000000 1.00000000
139	139	14
0.99330573 0.10166592 0.05484314 -40.69642740
-0.10448654 0.99320358 0.05127589 4.57699522
-0.04925739 -0.05666301 0.99717752 4.06791732
0.00000000 0.00000000 0.00000000 1.00000000
140	140	14
0.99335232 0.10090827 0.05539571 -40.60394953
-0.10374576 0.99329627 0.05098378 4.61010866
-0.04987967 -0.05639193 0.99716196 3.94377056
0.00000000 0.00000000 0.00000000 1.00000000
141	141	14
0.99315431 0.10249004 0.05603844 -40.53498675
-0.10516681 0.99333844 0.04710286 3.93373148
-0.05083757 -0.05267379 0.99731691 3.81556927
0.00000000 0.00000000 0.00000000 1.00000000
142	142	14
0.99304844 0.10350637 0.05604663 -40.49549200
-0.10614917 0.99326590 0.04642411 3.67693665
-0.05086402 -0.05205069 0.99734827 3.85208979
0.00000000 0.00000000 0.00000000 1.00000000
143	143	14
0.99314811 0.10245805 0.05620654 -40.40883192
-0.10537136 0.99309463 0.05157462 4.23380898
-0.05053418 -0.05714379 0.99708620 3.94711845
0.00000000 0.00000000 0.00000000 1.00000000
144	144	14
0.99359389 0.09898392 0.05452860 -40.46444602
-0.10189463 0.99335732 0.05346701 4.93599534
-0.04887401 -0.05868067 0.99707969 4.21936763
0.00000000 0.00000000 0.00000000 1.00000000
145	145	14
0.99366797 0.09876968 0.05355855 -40.51185169
-0.10154910 0.99347461 0.05192287 4.78143564
-0.04808066 -0.05703292 0.99721387 4.35317804
0.00000000 0.00000000 0.00000000 1.00000000
146	146	14
0.99382331 0.09753122 0.05294236 -40.52384545
-0.10029203 0.99358432 0.05226572 4.96626562
-0.04750516 -0.05725259 0.99722886 4.44899387
0.00000000 0.00000000 0.00000000 1.00000000
147	147	14
0.99367804 0.09883882 0.05324330 -40.48738299
-0.10154804 0.99353098 0.05083499 4.60633113
-0.04787440 -0.05592037 0.99728680 4.39933604
0.00000000 0.00000000 0.00000000 1.00000000
148	148	14
0.99336850 0.10037055 0.05607829 -40.20884967
-0.10343605 0.99312917 0.05473057 4.74089225
-0.05019965 -0.06016814 0.99692517 4.07328192
0.00000000 0.00000000 0.00000000 1.00000000
149	149	14
0.99375892 0.09981993 0.04979150 -40.74314399
-0.10249954 0.99323751 0.05452608 4.84295923
-0.04401200 -0.05928938 0.99727013 5.03148595
0.00000000 0.00000000 0.00000000 1.00000000
150	150	14
0.99379425 0.10097005 0.04666948 -41.01021513
-0.10328813 0.99338104 0.05025605 4.27020201
-0.04128622 -0.05476458 0.99764537 5.45935274
0.00000000 0.00000000 0.00000000 1.00000000
151	151	14
0.99371844 0.10193786 0.04617715 -41.03310012
-0.10453437 0.99283924 0.05781701 4.85237382
-0.03995274 -0.06228093 0.99725867 5.64946766
0.00000000 0.00000000 0.00000000 1.00000000
152	152	14
0.99405462 0.10011028 0.04281750 -41.29317354
-0.10275978 0.99258340 0.06495090 5.81518338
-0.03599769 -0.06896466 0.99696943 6.27599061
0.00000000 0.00000000 0.00000000 1.00000000
153	153	14
0.99412282 0.09868599 0.04450733 -41.08914438
-0.10196508 0.99167186 0.07867686 7.35232661
-0.03637236 -0.08275265 0.99590614 6.20535796
0.00000000 0.00000000 0.00000000 1.00000000
154	154	14
0.99396421 0.09986819 0.04540376 -41.01808406
-0.10345053 0.99100099 0.08494130 7.78744649
-0.03651224 -0.08912566 0.99535093 6.20398466
0.00000000 0.00000000 0.00000000 1.00000000
155	155	14
0.99384199 0.10153137 0.04437881 -41.15864146
-0.10483657 0.99127537 0.07989018 7.11221596
-0.03588026 -0.08405074 0.99581528 6.22941144
0.00000000 0.00000000 0.00000000 1.00000000
156	156	14
0.99408232 0.10059768 0.04099328 -41.49988743
-0.10303598 0.99271279 0.06248927 5.68869239
-0.03440827 -0.06634326 0.99720341 6.41446740
0.00000000 0.00000000 0.00000000 1.00000000
157	157	14
0.99460973 0.09747896 0.03534591 -41.97880831
-0.09788683 0.99514736 0.00999461 1.19053013
-0.03420012 -0.01340063 0.99932516 6.42112840
0.00000000 0.00000000 0.00000000 1.00000000
158	158	14
0.99462848 0.09764525 0.03434507 -42.05688864
-0.09780486 0.99520111 0.00299436 0.54956401
-0.03388786 -0.00633739 0.99940555 6.44283028
0.00000000 0.00000000 0.00000000 1.00000000
159	159	14
0.99469330 0.09686896 0.03466476 -42.01954379
-0.09743384 0.99512909 0.01499126 1.70204819
-0.03304373 -0.01828923 0.99928655 6.56857822
0.00000000 0.00000000 0.00000000 1.00000000
160	160	14
0.99473184 0.09621702 0.03536725 -41.94919867
-0.09691123 0.99512174 0.01846437 2.09528347
-0.03341813 -0.02179458 0.99920380 6.57351804
0.00000000 0.00000000 0.00000000 1.00000000
161	161	14
0.99476260 0.09656496 0.03350487 -42.11527230
-0.09705241 0.99519124 0.01323696 1.57789122
-0.03206553 -0.01641936 0.99935089 6.67587586
0.00000000 0.00000000 0.00000000 1.00000000
162	162	14
0.99457776 0.09903788 0.03172657 -42.30674077
-0.09975529 0.99477128 0.02188547 2.18477595
-0.02939319 -0.02493170 0.99925695 6.91985357
0.00000000 0.00000000 0.00000000 1.00000000
163	163	14
0.99485286 0.09661403 0.03055352 -42.39544543
-0.09735471 0.99496612 0.02375892 2.57186443
-0.02810427 -0.02661116 0.99925072 7.04390566
0.00000000 0.00000000 0.00000000 1.00000000
164	164	14
0.99490267 0.09626031 0.03004384 -42.44715085
-0.09675531 0.99518784 0.01547815 1.85656768
-0.02840933 -0.01830616 0.99942873 7.00115205
0.00000000 0.00000000 0.00000000 1.00000000
165	165	14
0.99475523 0.09872063 0.02676304 -42.75036419
-0.09853327 0.99509969 -0.00823472 -0.38146464
-0.02744483 0.00555449 0.99960789 6.98433986
0.00000000 0.00000000 0.00000000 1.00000000
166	166	14
0.99460412 0.10035508 0.02629642 -42.80126272
-0.09991649 0.99484199 -0.01749618 -1.29440827
-0.02791661 0.01477433 0.99950107 6.91871118
0.00000000 0.00000000 0.00000000 1.00000000
167	167	14
0.99449590 0.10103958 0.02772926 -42.66429201
-0.10085533 0.99486919 -0.00796812 -0.48911497
-0.02839208 0.00512762 0.99958371 6.93008634
0.00000000 0.00000000 0.00000000 1.00000000
168	168	14
0.99448139 0.10124289 0.02750702 -42.69104125
-0.10065544 0.99467885 -0.02196522 -1.74205305
-0.02958447 0.01907527 0.99938025 6.86104774
0.00000000 0.00000000 0.00000000 1.00000000
169	169	14
0.99438161 0.10209768 0.02795124 -42.67321823
-0.10167825 0.99468801 -0.01604055 -1.23194812
-0.02944047 0.01310839 0.99948058 6.93043275
0.00000000 0.00000000 0.00000000 1.00000000
170	170	14
0.99423761 0.10329636 0.02866065 -42.59687437
-0.10274592 0.99450534 -0.02005981 -1.62510660
-0.03057528 0.01699946 0.99938790 6.90791646
0.00000000 0.00000000 0.00000000 1.00000000
171	171	14
0.99416906 0.10408430 0.02818397 -42.65956481
-0.10318471 0.99415729 -0.03168897 -2.63284652
-0.03131762 0.02859604 0.99910033 6.84785789
0.00000000 0.00000000 0.00000000 1.00000000
172	172	14
0.99408387 0.10500364 0.02777597 -42.68762279
-0.10406051 0.99400775 -0.03346644 -2.75504917
-0.03112362 0.03037806 0.99905380 6.87455799
0.00000000 0.00000000 0.00000000 1.00000000
173	173	14
0.99404256 0.10565355 0.02677150 -42.74736878
-0.10444053 0.99359008 -0.04325433 -3.57865154
-0.03116987 0.04020061 0.99870534 6.80773322
0.00000000 0.00000000 0.00000000 1.00000000
174	174	14
0.99428876 0.10451077 0.02161874 -43.20027119
-0.10341596 0.99353978 -0.04673162 -3.86315937
-0.02636303 0.04422900 0.99867351 6.93806701
0.00000000 0.00000000 0.00000000 1.00000000
175	175	14
0.99424069 0.10501307 0.02139419 -43.20401486
-0.10385106 0.99335310 -0.04964449 -4.09798889
-0.02646531 0.04713676 0.99853779 6.93696891
0.00000000 0.00000000 0.00000000 1.00000000
176	176	14
0.99428757 0.10471034 0.02068752 -43.26295480
-0.10366231 0.99352458 -0.04650838 -3.79085736
-0.02542347 0.04409819 0.99870366 6.95368524
0.00000000 0.00000000 0.00000000 1.00000000
177	177	14
0.99421627 0.10575627 0.01869811 -43.43252384
-0.10471086 0.99324136 -0.05007236 -4.10307935
-0.02386720 0.04782486 0.99857055 6.94096109
0.00000000 0.00000000 0.00000000 1.00000000
178	178	14
0.99408416 0.10698814 0.01871426 -43.44848375
-0.10587558 0.99297798 -0.05277388 -4.37630592
-0.02422902 0.05048030 0.99843112 6.91156451
0.00000000 0.00000000 0.00000000 1.00000000
179	179	14
0.99426273 0.10518856 0.01941631 -43.43007278
-0.10412750 0.99333965 -0.04933370 -4.08514157
-0.02447634 0.04702889 0.99859361 6.93835096
0.00000000 0.00000000 0.00000000 1.00000000
180	180	14
0.99443855 0.10412282 0.01582418 -43.81927216
-0.10294283 0.99270584 -0.06275263 -5.41381844
-0.02224273 0.06077464 0.99790365 6.83962341
0.00000000 0.00000000 0.00000000 1.00000000
181	181	14
0.99631648 0.08493297 0.01182636 -44.23551090
-0.08406798 0.99461322 -0.06063931 -5.22254655
-0.01691293 0.05942172 0.99808968 6.90589198
0.00000000 0.00000000 0.00000000 1.00000000
182	182	14
0.99641018 0.08339878 0.01453947 -44.02597244
-0.08232592 0.99460240 -0.06315463 -5.47975264
-0.01972801 0.06173094 0.99789784 6.89210935
0.00000000 0.00000000 0.00000000 1.00000000
183	183	14
0.99642577 0.08351457 0.01268855 -44.24492265
-0.08234364 0.99380182 -0.07468243 -6.52068668
-0.01884697 0.07337068 0.99712664 6.81597547
0.00000000 0.00000000 0.00000000 1.00000000
184	184	14
0.99645547 0.08299079 0.01374902 -44.18554985
-0.08175882 0.99390791 -0.07390912 -6.46721459
-0.01979904 0.07252304 0.99717020 6.82324534
0.00000000 0.00000000 0.00000000 1.00000000
185	185	14
0.99658272 0.08134963 0.01432224 -44.16129122
-0.08008280 0.99405364 -0.07378415 -6.45873044
-0.02023938 0.07238505 0.99717139 6.82858954
0.00000000 0.00000000 0.00000000 1.00000000
186	186	14
0.99677875 0.07897400 0.01397241 -44.21094789
-0.07772900 0.99420453 -0.07426672 -6.49093660
-0.01975657 0.07294143 0.99714052 6.84306131
0.00000000 0.00000000 0.00000000 1.00000000
187	187	14
0.99703295 0.07599799 0.01223141 -44.34957968
-0.07486617 0.99433273 -0.07548166 -6.56753128
-0.01789855 0.07434198 0.99707217 6.85757834
0.00000000 0.00000000 0.00000000 1.00000000
188	188	14
0.99715799 0.07447120 0.01140096 -44.40571930
-0.07336979 0.99428426 -0.07756081 -6.68027454
-0.01711184 0.07650390 0.99692243 6.88466184
0.00000000 0.00000000 0.00000000 1.00000000
189	189	14
0.99706419 0.07630931 0.00631616 -44.72479807
-0.07564015 0.99441407 -0.07361536 -6.43974934
-0.01189842 0.07292148 0.99726671 6.94156568
0.00000000 0.00000000 0.00000000 1.00000000
190	190	14
0.99701483 0.07712811 0.00356166 -44.91812913
-0.07661595 0.99399950 -0.07807039 -6.68492605
-0.00956171 0.07756446 0.99694149 6.93354853
0.00000000 0.00000000 0.00000000 1.00000000
191	191	14
0.99670007 0.08116593 -0.00102926 -45.20513520
-0.08100311 0.99372208 -0.07716816 -6.62831723
-0.00524062 0.07699688 0.99701756 6.94015275
0.00000000 0.00000000 0.00000000 1.00000000
192	192	14
0.99674647 0.08060033 0.00026386 -45.17047487
-0.08033724 0.99374681 -0.07754485 -6.61552698
-0.00651235 0.07727135 0.99698883 6.94474438
0.00000000 0.00000000 0.00000000 1.00000000
193	193	14
0.99675395 0.08034619 0.00510334 -44.95387798
-0.07972941 0.99392307 -0.07589565 -6.50960839
-0.01117026 0.07524240 0.99710271 6.92422560
0.00000000 0.00000000 0.00000000 1.00000000
194	194	14
0.99704771 0.07667985 0.00400887 -45.07079890
-0.07616131 0.99424451 -0.07534790 -6.50124075
-0.00976347 0.07482013 0.99714925 6.91953263
0.00000000 0.00000000 0.00000000 1.00000000
195	195	14
0.99710286 0.07598046 0.00358514 -45.15039940
-0.07548707 0.99422634 -0.07626062 -6.53283371
-0.00935875 0.07576905 0.99708147 6.91227533
0.00000000 0.00000000 0.00000000 1.00000000
196	196	14
0.99727848 0.07361514 0.00405600 -45.16397044
-0.07310839 0.99452638 -0.07464878 -6.46133079
-0.00952908 0.07414909 0.99720164 6.92945743
0.00000000 0.00000000 0.00000000 1.00000000
197	197	14
0.99734035 0.07282515 0.00295464 -45.24306935
-0.07239239 0.99449002 -0.07582182 -6.50400465
-0.00846010 0.07540627 0.99711700 6.91522384
0.00000000 0.00000000 0.00000000 1.00000000
198	198	14
0.99729502 0.07342904 0.00329029 -45.26850123
-0.07294413 0.99423214 -0.07862324 -6.59843684
-0.00904455 0.07817056 0.99689897 6.88338131
0.00000000 0.00000000 0.00000000 1.00000000
199	199	14
0.99698897 0.07749510 0.00273944 -45.32348869
-0.07703754 0.99389454 -0.07898645 -6.59401859
-0.00884378 0.07853758 0.99687193 6.88338551
0.00000000 0.00000000 0.00000000 1.00000000
200	200	14
0.99678678 0.08008383 0.00164472 -45.40208566
-0.07971080 0.99374906 -0.07816007 -6.55018639
-0.00789380 0.07777782 0.99693947 6.90114387
0.00000000 0.00000000 0.00000000 1.00000000
201	201	14
0.99622834 0.08674410 0.00213237 -45.43978470
-0.08636200 0.99362233 -0.07250017 -6.37778903
-0.00840773 0.07204257 0.99736612 6.90830950
0.00000000 0.00000000 0.00000000 1.00000000
202	202	14
0.99621439 0.08683770 0.00401314 -45.41480784
-0.08631641 0.99360079 -0.07284880 -6.39122737
-0.01031349 0.07222662 0.99733492 6.90842894
0.00000000 0.00000000 0.00000000 1.00000000
203	203	14
0.99676787 0.08017327 0.00510461 -45.40100615
-0.07954460 0.99385375 -0.07698942 -6.49829565
-0.01124573 0.07633454 0.99701884 6.90006304
0.00000000 0.00000000 0.00000000 1.00000000
204	204	14
0.99724963 0.07396944 0.00465873 -45.44688464
-0.07342867 0.99458821 -0.07350192 -6.34997264
-0.01007041 0.07295768 0.99728419 6.94180670
0.00000000 0.00000000 0.00000000 1.00000000
205	205	14
0.99737334 0.07224633 0.00518564 -45.45076304
-0.07169117 0.99485104 -0.07163644 -6.25118493
-0.01033441 0.07107651 0.99741733 6.97158528
0.00000000 0.00000000 0.00000000 1.00000000
206	206	14
0.99767673 0.06790061 0.00553547 -45.45899880
-0.06736627 0.99539051 -0.06826062 -6.11316111
-0.01014489 0.06772912 0.99765217 6.99973102
0.00000000 0.00000000 0.00000000 1.00000000
207	207	14
0.99772979 0.06716654 0.00489191 -45.47727506
-0.06671380 0.99569323 -0.06437587 -5.99032454
-0.00919474 0.06390336 0.99791373 6.92819118
0.00000000 0.00000000 0.00000000 1.00000000
208	208	14
