0	0	1
0.99955154 0.01651072 0.02498227 0.56265523
-0.01882121 0.99527344 0.09527088 -0.92918459
-0.02329120 -0.09569835 0.99513785 1.10092338
0.00000000 0.00000000 0.00000000 1.00000000
1	1	2
0.99958277 0.01379614 0.02537641 0.54804491
-0.01612490 0.99544344 0.09398061 -0.97818408
-0.02396421 -0.09435059 0.99525056 1.10884495
0.00000000 0.00000000 0.00000000 1.00000000
2	2	3
0.99955687 0.01179969 0.02732822 0.57383757
-0.01427426 0.99563803 0.09220178 -1.02863075
-0.02612106 -0.09255101 0.99536526 1.09336714
0.00000000 0.00000000 0.00000000 1.00000000
3	3	4
0.99954798 0.01187267 0.02762029 0.56620336
-0.01438086 0.99561250 0.09246051 -1.01863882
-0.02640136 -0.09281592 0.99533320 1.08688531
0.00000000 0.00000000 0.00000000 1.00000000
4	4	5
0.99956227 0.01118889 0.02738758 0.56690345
-0.01365096 0.99571807 0.09142850 -1.03940979
-0.02624732 -0.09176235 0.99543496 1.08115588
0.00000000 0.00000000 0.00000000 1.00000000
5	5	6
0.99951933 0.01229228 0.02846077 0.59544483
-0.01480790 0.99583740 0.08993659 -1.07163202
-0.02723677 -0.09031481 0.99554075 1.06353747
0.00000000 0.00000000 0.00000000 1.00000000
6	6	7
0.99948415 0.01429062 0.02876146 0.60556997
-0.01678622 0.99593586 0.08848725 -1.08577749
-0.02738003 -0.08892440 0.99566198 1.05816503
0.00000000 0.00000000 0.00000000 1.00000000
7	7	8
0.99948830 0.01273146 0.02934346 0.63289299
-0.01527549 0.99598808 0.08817253 -1.10038794
-0.02810317 -0.08857565 0.99567292 1.04199402
0.00000000 0.00000000 0.00000000 1.00000000
8	8	9
0.99954435 0.00980447 0.02854762 0.64246314
-0.01216382 0.99641827 0.08368203 -1.20326555
-0.02762491 -0.08399115 0.99608351 0.99304454
0.00000000 0.00000000 0.00000000 1.00000000
9	9	10
0.99952036 0.01047664 0.02914265 0.64451248
-0.01340981 0.99465820 0.10234864 -1.24533774
-0.02791470 -0.10269034 0.99432161 0.97905213
0.00000000 0.00000000 0.00000000 1.00000000
10	10	11
0.99952165 0.01036234 0.02913913 0.63008753
-0.01353482 0.99374200 0.11087673 -1.25660680
-0.02780784 -0.11121808 0.99340690 0.98165047
0.00000000 0.00000000 0.00000000 1.00000000
11	11	12
0.99950443 0.00784705 0.03048463 0.63289658
-0.01131395 0.99326924 0.11527454 -1.17121147
-0.02937488 -0.11556232 0.99286578 0.92327524
0.00000000 0.00000000 0.00000000 1.00000000
12	12	13
0.99951288 0.00507179 0.03079408 0.64751341
-0.00922959 0.99060805 0.13642031 -1.06588078
-0.02981297 -0.13663807 0.99017232 0.90617686
0.00000000 0.00000000 0.00000000 1.00000000
13	13	14
0.99952148 0.00247555 0.03083315 0.66599624
-0.00683008 0.98985203 0.14193768 -0.95757936
-0.03016888 -0.14208036 0.98939528 0.87821265
0.00000000 0.00000000 0.00000000 1.00000000
14	14	15
0.99952776 0.00389538 0.03048077 0.67337322
-0.00832522 0.98916257 0.14658820 -0.99063946
-0.02957942 -0.14677274 0.98872788 0.88471935
0.00000000 0.00000000 0.00000000 1.00000000
15	15	16
0.99957933 0.00577077 0.02842295 0.66706193
-0.00967584 0.99021204 0.13923536 -1.09298343
-0.02734126 -0.13945181 0.98985133 0.98264588
0.00000000 0.00000000 0.00000000 1.00000000
16	16	17
0.99951791 0.00576204 0.03050800 0.69279030
-0.00963750 0.99166887 0.12845221 -1.13219421
-0.02951369 -0.12868430 0.99124633 0.82046186
0.00000000 0.00000000 0.00000000 1.00000000
17	17	18
0.99942605 0.00839500 0.03281923 0.70262551
-0.01291813 0.99004753 0.14013927 -1.26914840
-0.03131613 -0.14048280 0.98958773 0.71056988
0.00000000 0.00000000 0.00000000 1.00000000
18	18	19
0.99954593 0.00666518 0.02938567 0.71422705
-0.01045232 0.99137047 0.13067267 -1.16125999
-0.02826113 -0.13092048 0.99098998 0.86050609
0.00000000 0.00000000 0.00000000 1.00000000
19	19	20
0.99955374 0.00749597 0.02891586 0.71379856
-0.01105812 0.99208617 0.12507100 -1.21649982
-0.02774950 -0.12533494 0.99172633 0.86987522
0.00000000 0.00000000 0.00000000 1.00000000
20	20	21
0.99957627 0.00671306 0.02832325 0.71936020
-0.01011561 0.99250836 0.12175725 -1.17487897
-0.02729369 -0.12199217 0.99215572 0.87623334
0.00000000 0.00000000 0.00000000 1.00000000
21	21	22
0.99959009 0.00676859 0.02781810 0.71822736
-0.01013865 0.99237315 0.12285248 -1.15113957
-0.02677440 -0.12308416 0.99203499 0.90034524
0.00000000 0.00000000 0.00000000 1.00000000
22	22	23
0.99958879 0.00661159 0.02790235 0.71828845
-0.00993998 0.99261611 0.12089023 -1.11816907
-0.02689705 -0.12111787 0.99227366 0.87029635
0.00000000 0.00000000 0.00000000 1.00000000
23	23	24
0.99958225 0.00675381 0.02810163 0.71027998
-0.01023890 0.99200450 0.12578648 -1.08384305
-0.02702740 -0.12602166 0.99165925 0.84158208
0.00000000 0.00000000 0.00000000 1.00000000
24	24	25
0.99955498 0.00776852 0.02880094 0.70783929
-0.01151887 0.99112518 0.13243183 -1.13746324
-0.02751653 -0.13270465 0.99077359 0.79537803
0.00000000 0.00000000 0.00000000 1.00000000
25	25	26
0.99950754 0.00770918 0.03041771 0.69273481
-0.01111830 0.99346987 0.11355174 -1.22910242
-0.02934369 -0.11383401 0.99306634 0.60316070
0.00000000 0.00000000 0.00000000 1.00000000
26	26	27
0.99948674 0.01011406 0.03039687 0.67199024
-0.01375450 0.99242857 0.12205060 -1.40333046
-0.02893229 -0.12240604 0.99205831 0.65220329
0.00000000 0.00000000 0.00000000 1.00000000
27	27	28
0.99950300 0.00906829 0.03019150 0.65222703
-0.01258121 0.99290060 0.11827982 -1.34254016
-0.02890456 -0.11860088 0.99252121 0.65583481
0.00000000 0.00000000 0.00000000 1.00000000
28	28	29
0.99943922 0.01249466 0.03106663 0.62501007
-0.01635836 0.99171594 0.12740448 -1.62470669
-0.02921740 -0.12784124 0.99136419 0.64186768
0.00000000 0.00000000 0.00000000 1.00000000
29	29	30
0.99941263 0.01500910 0.03080785 0.59802977
-0.01869800 0.99220840 0.12317823 -1.87317521
-0.02871901 -0.12368193 0.99190625 0.68954199
0.00000000 0.00000000 0.00000000 1.00000000
30	30	31
0.99938651 0.01590757 0.03120193 0.58442739
-0.01951497 0.99270863 0.11894849 -1.97483690
-0.02908225 -0.11948443 0.99241004 0.64800787
0.00000000 0.00000000 0.00000000 1.00000000
31	31	32
0.99945003 0.01466653 0.02974097 0.56998922
-0.01765443 0.99454237 0.10282900 -1.93325772
-0.02807051 -0.10329751 0.99425433 0.71503188
0.00000000 0.00000000 0.00000000 1.00000000
32	32	33
0.99939172 0.01691101 0.03049935 0.55053280
-0.02023252 0.99348974 0.11211058 -2.02712596
-0.02840489 -0.11265946 0.99322757 0.68138554
0.00000000 0.00000000 0.00000000 1.00000000
33	33	34
0.99941736 0.01572850 0.03029123 0.51781973
-0.01900846 0.99361266 0.11123197 -1.92666201
-0.02834824 -0.11174295 0.99333272 0.67412935
0.00000000 0.00000000 0.00000000 1.00000000
34	34	35
0.99941438 0.01756870 0.02936373 0.46545532
-0.02070876 0.99368215 0.11030381 -2.06649817
-0.02724032 -0.11084730 0.99346406 0.73735320
0.00000000 0.00000000 0.00000000 1.00000000
35	35	36
0.99932484 0.01889079 0.03151194 0.39814023
-0.02230005 0.99350220 0.11160685 -2.22022360
-0.02919884 -0.11223422 0.99325269 0.56752542
0.00000000 0.00000000 0.00000000 1.00000000
36	36	37
0.99937073 0.01910050 0.02988829 0.38370763
-0.02222273 0.99391508 0.10788406 -2.18105847
-0.02764578 -0.10848037 0.99371410 0.69452590
0.00000000 0.00000000 0.00000000 1.00000000
37	37	38
0.99925042 0.02134561 0.03229491 0.30193402
-0.02476152 0.99369306 0.10936618 -2.42499406
-0.02975674 -0.11008387 0.99347676 0.53676945
0.00000000 0.00000000 0.00000000 1.00000000
38	38	39
0.99912128 0.02015213 0.03674982 0.15389559
-0.02397358 0.99400206 0.10670129 -2.33147573
-0.03437914 -0.10748855 0.99361174 0.15441673
0.00000000 0.00000000 0.00000000 1.00000000
39	39	40
0.99911876 0.02171884 0.03591664 0.13137427
-0.02556111 0.99357686 0.11023456 -2.52472584
-0.03329177 -0.11105548 0.99325643 0.25635779
0.00000000 0.00000000 0.00000000 1.00000000
40	40	41
0.99911192 0.02341186 0.03503223 0.12924223
-0.02729302 0.99301797 0.11476237 -2.80605840
-0.03210084 -0.11561659 0.99277507 0.34976401
0.00000000 0.00000000 0.00000000 1.00000000
41	41	42
0.99916434 0.02335914 0.03354074 0.15718145
-0.02715080 0.99270775 0.11744856 -2.92272444
-0.03055265 -0.11826107 0.99251240 0.49484776
0.00000000 0.00000000 0.00000000 1.00000000
42	42	43
0.99923292 0.02181102 0.03252455 0.17650812
-0.02538490 0.99317212 0.11386286 -2.65225395
-0.02981902 -0.11460115 0.99296395 0.50785959
0.00000000 0.00000000 0.00000000 1.00000000
43	43	44
0.99925183 0.02368125 0.03057737 0.22025370
-0.02694142 0.99345147 0.11103300 -2.67722548
-0.02774773 -0.11177373 0.99334621 0.66314893
0.00000000 0.00000000 0.00000000 1.00000000
44	44	45
0.99932611 0.02191884 0.02944314 0.24410858
-0.02515748 0.99309786 0.11455888 -2.65651925
-0.02672893 -0.11522240 0.99298004 0.76682052
0.00000000 0.00000000 0.00000000 1.00000000
45	45	46
0.99930127 0.02308702 0.02939311 0.23615159
-0.02633380 0.99297556 0.11535192 -2.78730149
-0.02652351 -0.11604536 0.99288971 0.78425986
0.00000000 0.00000000 0.00000000 1.00000000
46	46	47
0.99919460 0.02454401 0.03174484 0.09044195
-0.02805257 0.99293771 0.11527254 -2.93103970
-0.02869140 -0.11607022 0.99282652 0.63384081
0.00000000 0.00000000 0.00000000 1.00000000
47	47	48
0.99926478 0.02101662 0.03206549 0.06191276
-0.02467702 0.99265940 0.11839919 -2.83341396
-0.02934176 -0.11910343 0.99244820 0.61090992
0.00000000 0.00000000 0.00000000 1.00000000
48	48	49
0.99922822 0.01852779 0.03463658 -0.14380894
-0.02251187 0.99270785 0.11842441 -2.65155766
-0.03218987 -0.11911274 0.99235879 0.38159308
0.00000000 0.00000000 0.00000000 1.00000000
49	49	50
0.99926775 0.01536091 0.03504296 -0.25279034
-0.01944238 0.99267064 0.11927694 -2.49635418
-0.03295392 -0.11987091 0.99224241 0.34292006
0.00000000 0.00000000 0.00000000 1.00000000
50	50	51
0.99930903 0.01655648 0.03327676 -0.19356344
-0.02038990 0.99275929 0.11837752 -2.61622865
-0.03107590 -0.11897424 0.99241091 0.46052273
0.00000000 0.00000000 0.00000000 1.00000000
51	51	52
0.99932414 0.01251181 0.03456480 -0.31727151
-0.01644900 0.99310337 0.11608238 -2.13652318
-0.03287402 -0.11657248 0.99263798 0.33036981
0.00000000 0.00000000 0.00000000 1.00000000
52	52	53
0.99936360 0.00756555 0.03485913 -0.35948976
-0.01173352 0.99258798 0.12096046 -2.18392594
-0.03368562 -0.12129250 0.99204506 0.31878306
0.00000000 0.00000000 0.00000000 1.00000000
53	53	54
0.99934880 0.01054766 0.03450686 -0.36377787
-0.01444812 0.99328180 0.11481517 -1.93759750
-0.03306401 -0.11523896 0.99278737 0.33553324
0.00000000 0.00000000 0.00000000 1.00000000
54	54	55
0.99933018 0.00957920 0.03531890 -0.44805724
-0.01352440 0.99347853 0.11321441 -1.77530273
-0.03400407 -0.11361624 0.99294263 0.24729369
0.00000000 0.00000000 0.00000000 1.00000000
55	55	56
0.99926653 0.00913632 0.03718767 -0.60231289
-0.01324384 0.99364774 0.11175313 -1.66489678
-0.03593043 -0.11216367 0.99303994 0.08866991
0.00000000 0.00000000 0.00000000 1.00000000
56	56	57
0.99926337 0.01049020 0.03691440 -0.57841971
-0.01454020 0.99368984 0.11121636 -1.73588769
-0.03551478 -0.11167118 0.99311039 0.11233407
0.00000000 0.00000000 0.00000000 1.00000000
57	57	58
0.99925891 0.01276690 0.03631312 -0.52363741
-0.01662991 0.99399525 0.10815220 -1.67811166
-0.03471430 -0.10867593 0.99347091 0.14992907
0.00000000 0.00000000 0.00000000 1.00000000
58	58	59
0.99930687 0.01097410 0.03557174 -0.44317018
-0.01472706 0.99414752 0.10702253 -1.42999378
-0.03418908 -0.10747222 0.99362006 0.17200618
0.00000000 0.00000000 0.00000000 1.00000000
59	59	60
0.99924123 0.01279687 0.03678579 -0.54319608
-0.01667898 0.99409285 0.10724374 -1.63647552
-0.03519611 -0.10777592 0.99355200 0.09340231
0.00000000 0.00000000 0.00000000 1.00000000
60	60	61
0.99925536 0.01182630 0.03672699 -0.50130408
-0.01570678 0.99410955 0.10723576 -1.57812064
-0.03524245 -0.10773277 0.99355504 0.09261500
0.00000000 0.00000000 0.00000000 1.00000000
61	61	62
0.99929952 0.01179216 0.03551634 -0.36448795
-0.01556098 0.99405267 0.10778282 -1.62817997
-0.03403412 -0.10825999 0.99353986 0.20654139
0.00000000 0.00000000 0.00000000 1.00000000
62	62	63
0.99932132 0.01453032 0.03384909 -0.17491883
-0.01798517 0.99440335 0.10410821 -1.49923313
-0.03214692 -0.10464634 0.99398980 0.32366925
0.00000000 0.00000000 0.00000000 1.00000000
63	63	64
0.99932073 0.01470453 0.03379136 -0.13115494
-0.01818228 0.99430263 0.10503185 -1.61658874
-0.03205439 -0.10557491 0.99389459 0.34908751
0.00000000 0.00000000 0.00000000 1.00000000
64	64	65
0.99932005 0.01455029 0.03387813 -0.08772883
-0.01809962 0.99410094 0.10693794 -1.80268191
-0.03212230 -0.10747841 0.99368836 0.36927599
0.00000000 0.00000000 0.00000000 1.00000000
65	65	66
0.99933659 0.01491315 0.03322623 0.02176793
-0.01829254 0.99442522 0.10384536 -1.48873375
-0.03149234 -0.10438426 0.99403831 0.39622429
0.00000000 0.00000000 0.00000000 1.00000000
66	66	67
0.99933073 0.01527671 0.03323720 0.05450316
-0.01867916 0.99433952 0.10459446 -1.59189603
-0.03145120 -0.10514530 0.99395940 0.39980069
0.00000000 0.00000000 0.00000000 1.00000000
67	67	68
0.99931338 0.01517274 0.03380182 -0.00670145
-0.01874640 0.99396864 0.10805053 -1.91670740
-0.03195852 -0.10861001 0.99357059 0.37635846
0.00000000 0.00000000 0.00000000 1.00000000
68	68	69
0.99932480 0.01589798 0.03312393 0.05768979
-0.01934962 0.99410979 0.10663643 -1.82325204
-0.03123352 -0.10720536 0.99374618 0.44480427
0.00000000 0.00000000 0.00000000 1.00000000
69	69	70
0.99930894 0.01464078 0.03416559 -0.09818581
-0.01831366 0.99378553 0.10979495 -1.99010604
-0.03234579 -0.11034478 0.99336689 0.33775034
0.00000000 0.00000000 0.00000000 1.00000000
70	70	71
0.99931671 0.01548164 0.03356238 -0.05058326
-0.01914608 0.99354979 0.11176867 -2.27840696
-0.03161553 -0.11233489 0.99316732 0.45482576
0.00000000 0.00000000 0.00000000 1.00000000
71	71	72
0.99937467 0.01271109 0.03299554 -0.01198016
-0.01623585 0.99392474 0.10885776 -1.60486491
-0.03141139 -0.10932540 0.99350958 0.42420325
0.00000000 0.00000000 0.00000000 1.00000000
72	72	73
0.99936351 0.01202535 0.03358508 -0.10021874
-0.01562371 0.99391633 0.10902396 -1.54671875
-0.03206970 -0.10947929 0.99347160 0.33381407
0.00000000 0.00000000 0.00000000 1.00000000
73	73	74
0.99941715 0.00872495 0.03300356 -0.03414487
-0.01224553 0.99407293 0.10802338 -0.98652057
-0.03186545 -0.10836456 0.99360038 0.33253066
0.00000000 0.00000000 0.00000000 1.00000000
74	74	75
0.99933134 0.01286037 0.03422700 -0.14254008
-0.01658152 0.99370889 0.11075966 -1.84309003
-0.03258726 -0.11125313 0.99325768 0.25410028
0.00000000 0.00000000 0.00000000 1.00000000
75	75	76
0.99935824 0.01481175 0.03261464 0.03379711
-0.01820786 0.99415402 0.10642493 -1.68939034
-0.03084763 -0.10695047 0.99378570 0.44511198
0.00000000 0.00000000 0.00000000 1.00000000
76	76	77
0.99938887 0.01467809 0.03172452 0.14175853
-0.01787142 0.99453720 0.10284149 -1.32571925
-0.03004170 -0.10334560 0.99419172 0.52534949
0.00000000 0.00000000 0.00000000 1.00000000
77	77	78
0.99934983 0.01571330 0.03245012 0.11982919
-0.01900672 0.99441498 0.10381518 -1.56406829
-0.03063761 -0.10436446 0.99406710 0.42706690
0.00000000 0.00000000 0.00000000 1.00000000
78	78	79
0.99924844 0.01800003 0.03433000 0.00465322
-0.02154728 0.99414025 0.10592868 -2.07506795
-0.03222212 -0.10658879 0.99378094 0.19292412
0.00000000 0.00000000 0.00000000 1.00000000
79	79	80
0.99919905 0.01828462 0.03559391 -0.07283070
-0.02200613 0.99400022 0.10714148 -2.21193030
-0.03342131 -0.10783895 0.99360645 -0.00831884
0.00000000 0.00000000 0.00000000 1.00000000
80	80	81
0.99924116 0.01479645 0.03603014 -0.06331573
-0.01855523 0.99415758 0.10633163 -1.56358652
-0.03424631 -0.10691949 0.99367772 -0.17833716
0.00000000 0.00000000 0.00000000 1.00000000
81	81	82
0.99917181 0.01745028 0.03675835 -0.11922666
-0.02131184 0.99398442 0.10742802 -2.07571437
-0.03466258 -0.10812244 0.99353311 -0.26478132
0.00000000 0.00000000 0.00000000 1.00000000
82	82	83
0.99918248 0.01665645 0.03683647 -0.08920854
-0.02058839 0.99381998 0.10907781 -2.04921270
-0.03479197 -0.10974704 0.99335044 -0.28695531
0.00000000 0.00000000 0.00000000 1.00000000
83	83	84
0.99923538 0.01521584 0.03601580 0.00034795
-0.01907756 0.99381115 0.10943241 -1.83876054
-0.03412780 -0.11003583 0.99334154 -0.18476530
0.00000000 0.00000000 0.00000000 1.00000000
84	84	85
0.99927127 0.01471087 0.03522096 0.08216914
-0.01861181 0.99340640 0.11312529 -1.95342093
-0.03332456 -0.11369838 0.99295627 -0.04080419
0.00000000 0.00000000 0.00000000 1.00000000
85	85	86
0.99926098 0.01410923 0.03575510 0.06559284
-0.01815780 0.99313396 0.11556487 -1.98749243
-0.03387907 -0.11612870 0.99265620 -0.12893430
0.00000000 0.00000000 0.00000000 1.00000000
86	86	87
0.99930032 0.01198479 0.03542923 0.10796956
-0.01597633 0.99328098 0.11461957 -1.45250608
-0.03381749 -0.11510540 0.99277748 -0.17324546
0.00000000 0.00000000 0.00000000 1.00000000
87	87	88
0.99925594 0.01547405 0.03532870 0.09327903
-0.01942718 0.99323929 0.11444781 -2.11074643
-0.03331888 -0.11504899 0.99280088 -0.09159701
0.00000000 0.00000000 0.00000000 1.00000000
88	88	89
0.99926942 0.01558437 0.03489647 0.11686445
-0.01925999 0.99400746 0.10760211 -1.78822581
-0.03301044 -0.10819561 0.99358141 -0.07719018
0.00000000 0.00000000 0.00000000 1.00000000
89	89	90
0.99929033 0.01513902 0.03449137 0.14489826
-0.01873072 0.99415630 0.10631284 -1.61733455
-0.03268034 -0.10688344 0.99373433 -0.01485838
0.00000000 0.00000000 0.00000000 1.00000000
90	90	91
0.99934094 0.01396914 0.03350446 0.20831061
-0.01741259 0.99434167 0.10479239 -1.30951207
-0.03185102 -0.10530672 0.99392958 0.13619190
0.00000000 0.00000000 0.00000000 1.00000000
91	91	92
0.99937599 0.01324249 0.03274547 0.23664339
-0.01670890 0.99401468 0.10796121 -1.30647674
-0.03111981 -0.10844098 0.99361568 0.31278551
0.00000000 0.00000000 0.00000000 1.00000000
92	92	93
0.99940619 0.01118819 0.03258966 0.25471070
-0.01475171 0.99368353 0.11124494 -1.04292647
-0.03113917 -0.11165964 0.99325851 0.33906727
0.00000000 0.00000000 0.00000000 1.00000000
93	93	94
0.99942092 0.00875929 0.03288016 0.26337894
-0.01244477 0.99344696 0.11361455 -0.68101037
-0.03166951 -0.11395794 0.99298068 0.26737833
0.00000000 0.00000000 0.00000000 1.00000000
94	94	95
0.99939685 0.00930764 0.03345596 0.24821200
-0.01296468 0.99375680 0.11081222 -0.67248056
-0.03221569 -0.11117913 0.99327808 0.15357928
0.00000000 0.00000000 0.00000000 1.00000000
95	95	96
0.99934684 0.00971528 0.03480681 0.19848205
-0.01344003 0.99401314 0.10843085 -0.67625591
-0.03354499 -0.10882784 0.99349446 -0.09081808
0.00000000 0.00000000 0.00000000 1.00000000
96	96	97
0.99934564 0.00874853 0.03509628 0.19984823
-0.01252077 0.99399059 0.10874711 -0.52001514
-0.03393400 -0.10911538 0.99344971 -0.15495095
0.00000000 0.00000000 0.00000000 1.00000000
97	97	98
0.99933714 0.00786217 0.03554531 0.18751368
-0.01180093 0.99363853 0.11199649 -0.44794093
-0.03443865 -0.11234172 0.99307266 -0.22133877
0.00000000 0.00000000 0.00000000 1.00000000
98	98	99
0.99936084 0.00699964 0.03505595 0.19468827
-0.01087156 0.99370401 0.11150848 -0.25732063
-0.03405472 -0.11181833 0.99314497 -0.15833556
0.00000000 0.00000000 0.00000000 1.00000000
99	99	100
0.99939199 0.00651080 0.03425279 0.20967131
-0.01021071 0.99399164 0.10897871 -0.08795483
-0.03333744 -0.10926220 0.99345377 -0.04515979
0.00000000 0.00000000 0.00000000 1.00000000
100	100	101
0.99939181 0.00565839 0.03440910 0.19253171
-0.00934491 0.99411340 0.10794078 0.09789547
-0.03359578 -0.10819668 0.99356167 -0.10692823
0.00000000 0.00000000 0.00000000 1.00000000
101	101	102
0.99941150 0.00299057 0.03417187 0.19795098
-0.00674193 0.99388678 0.11019804 0.47592067
-0.03363342 -0.11036358 0.99332204 -0.12441680
0.00000000 0.00000000 0.00000000 1.00000000
102	102	103
0.99940982 0.00246175 0.03426297 0.19289896
-0.00630510 0.99362933 0.11252110 0.54018353
-0.03376769 -0.11267073 0.99305843 -0.13521346
0.00000000 0.00000000 0.00000000 1.00000000
103	103	104
0.99944429 0.00094287 0.03332011 0.21926562
-0.00453999 0.99413545 0.10804670 0.87740488
-0.03302283 -0.10813793 0.99358728 -0.02678497
0.00000000 0.00000000 0.00000000 1.00000000
104	104	105
0.99938572 -0.00089595 0.03503393 0.22006713
-0.00240619 0.99555985 0.09409995 1.28919706
-0.03496268 -0.09412644 0.99494614 -0.38375423
0.00000000 0.00000000 0.00000000 1.00000000
105	105	106
0.99944429 -0.00302538 0.03319583 0.26516915
-0.00016613 0.99540823 0.09572055 1.63887174
-0.03333300 -0.09567287 0.99485457 -0.13101426
0.00000000 0.00000000 0.00000000 1.00000000
106	106	107
0.99943595 -0.00420605 0.03331793 0.29202854
0.00101823 0.99546496 0.09512343 1.82877279
-0.03356692 -0.09503585 0.99490776 -0.18143770
0.00000000 0.00000000 0.00000000 1.00000000
107	107	108
0.99945435 -0.00363727 0.03282946 0.31369818
0.00053512 0.99557103 0.09401083 1.77679183
-0.03302601 -0.09394196 0.99502974 -0.10484272
0.00000000 0.00000000 0.00000000 1.00000000
108	108	109
0.99945828 -0.00576112 0.03240313 0.33528391
0.00271318 0.99563137 0.09333172 2.07865590
-0.03279927 -0.09319324 0.99510765 -0.07908104
0.00000000 0.00000000 0.00000000 1.00000000
109	109	110
0.99945279 -0.00761781 0.03218846 0.34279229
0.00471901 0.99600331 0.08919161 2.29504880
-0.03273926 -0.08899090 0.99549423 -0.10819329
0.00000000 0.00000000 0.00000000 1.00000000
110	110	111
0.99947933 -0.00482218 0.03190325 0.34220468
0.00192208 0.99591129 0.09031619 1.91462431
-0.03220833 -0.09020785 0.99540201 -0.03983880
0.00000000 0.00000000 0.00000000 1.00000000
111	111	112
0.99948628 -0.00210533 0.03198031 0.33962217
-0.00064239 0.99632363 0.08566688 1.37589767
-0.03204309 -0.08564342 0.99581045 -0.02072350
0.00000000 0.00000000 0.00000000 1.00000000
112	112	113
0.99951539 -0.00447656 0.03080494 0.31004955
0.00180840 0.99628457 0.08610331 1.75712373
-0.03107593 -0.08600588 0.99580986 0.12897637
0.00000000 0.00000000 0.00000000 1.00000000
113	113	114
0.99949390 -0.00589453 0.03126004 0.33004731
0.00320651 0.99634569 0.08535209 1.95711832
-0.03164891 -0.08520866 0.99586035 0.04021491
0.00000000 0.00000000 0.00000000 1.00000000
114	114	115
0.99948496 -0.00399731 0.03184095 0.34895869
0.00131811 0.99648814 0.08372364 1.61779084
-0.03206379 -0.08363855 0.99598017 -0.02106653
0.00000000 0.00000000 0.00000000 1.00000000
115	115	116
0.99947868 -0.00324988 0.03212163 0.37227468
0.00058913 0.99659103 0.08249830 1.45477380
-0.03228023 -0.08243636 0.99607341 -0.04569544
0.00000000 0.00000000 0.00000000 1.00000000
116	116	117
0.99942303 -0.00634968 0.03336604 0.44564028
0.00363793 0.99673070 0.08071350 1.82217809
-0.03376946 -0.08054554 0.99617872 -0.28476892
0.00000000 0.00000000 0.00000000 1.00000000
117	117	118
0.99942337 -0.00397006 0.03372181 0.46773832
0.00127774 0.99683499 0.07948822 1.40528921
-0.03393065 -0.07939930 0.99626526 -0.31687465
0.00000000 0.00000000 0.00000000 1.00000000
118	118	119
0.99935268 -0.00599197 0.03547263 0.56685394
0.00329200 0.99712606 0.07568868 1.47199732
-0.03582421 -0.07552291 0.99650033 -0.60343017
0.00000000 0.00000000 0.00000000 1.00000000
119	119	120
0.99931086 -0.00544916 0.03671651 0.63417319
0.00263275 0.99707968 0.07632291 1.42831322
-0.03702518 -0.07617365 0.99640690 -0.79948863
0.00000000 0.00000000 0.00000000 1.00000000
120	120	121
0.99931063 -0.00516201 0.03676426 0.62494941
0.00241392 0.99722520 0.07440473 1.27523547
-0.03704632 -0.07426469 0.99655021 -0.81394802
0.00000000 0.00000000 0.00000000 1.00000000
121	121	122
0.99931407 -0.00588306 0.03656188 0.60405218
0.00326454 0.99745170 0.07127024 1.18043421
-0.03688800 -0.07110200 0.99678673 -0.78875887
0.00000000 0.00000000 0.00000000 1.00000000
122	122	123
0.99929384 -0.00745035 0.03682818 0.62585903
0.00486748 0.99755393 0.06973143 1.32830743
-0.03725762 -0.06950292 0.99688576 -0.84019017
0.00000000 0.00000000 0.00000000 1.00000000
123	123	124
0.99927534 -0.01051649 0.03658135 0.60342600
0.00790631 0.99746066 0.07077943 1.87248931
-0.03723281 -0.07043891 0.99682099 -0.83761298
0.00000000 0.00000000 0.00000000 1.00000000
124	124	125
0.99923754 -0.01210297 0.03711958 0.63524698
0.00946752 0.99747600 0.07037048 2.09513854
-0.03787758 -0.06996540 0.99683004 -0.94726026
0.00000000 0.00000000 0.00000000 1.00000000
125	125	126
0.99921318 -0.01290781 0.03750219 0.65825383
0.01019703 0.99738159 0.07159595 2.32082136
-0.03832814 -0.07115720 0.99672845 -1.03812087
0.00000000 0.00000000 0.00000000 1.00000000
126	126	127
0.99919619 -0.01466750 0.03730736 0.64677387
0.01197835 0.99738229 0.07130982 2.56839924
-0.03825564 -0.07080562 0.99675627 -1.04382242
0.00000000 0.00000000 0.00000000 1.00000000
127	127	128
0.99922850 -0.01557453 0.03605315 0.54286303
0.01293427 0.99729608 0.07234116 2.82512784
-0.03708235 -0.07181902 0.99672811 -0.87433308
0.00000000 0.00000000 0.00000000 1.00000000
128	128	129
0.99922009 -0.01535210 0.03638034 0.57706811
0.01262810 0.99718148 0.07395696 2.93686152
-0.03741320 -0.07343986 0.99659763 -0.94687038
0.00000000 0.00000000 0.00000000 1.00000000
129	129	130
0.99923428 -0.01351810 0.03671670 0.61343370
0.01072872 0.99711587 0.07513211 2.79937566
-0.03762644 -0.07468066 0.99649739 -1.00117670
0.00000000 0.00000000 0.00000000 1.00000000
130	130	131
0.99924869 -0.01237178 0.03672861 0.59889002
0.00964999 0.99725744 0.07337902 2.44054861
-0.03753571 -0.07296946 0.99662758 -0.98909267
0.00000000 0.00000000 0.00000000 1.00000000
131	131	132
0.99924880 -0.01251580 0.03667675 0.57508901
0.00980464 0.99726985 0.07318964 2.43061660
-0.03749264 -0.07277506 0.99664341 -0.98654904
0.00000000 0.00000000 0.00000000 1.00000000
132	132	133
0.99924178 -0.01252147 0.03686565 0.58108541
0.00981809 0.99731142 0.07261916 2.37162387
-0.03767583 -0.07220215 0.99667817 -1.01165191
0.00000000 0.00000000 0.00000000 1.00000000
133	133	134
0.99923961 -0.01215642 0.03704618 0.59113188
0.00948000 0.99738956 0.07158351 2.22390168
-0.03781967 -0.07117788 0.99674640 -1.02922887
0.00000000 0.00000000 0.00000000 1.00000000
134	134	135
0.99921596 -0.01147909 0.03789058 0.68063818
0.00881973 0.99753454 0.06962083 1.89860299
-0.03859635 -0.06923206 0.99685367 -1.13547737
0.00000000 0.00000000 0.00000000 1.00000000
135	135	136
0.99922542 -0.01167947 0.03757865 0.64564671
0.00900825 0.99747226 0.07048360 1.98744350
-0.03830688 -0.07009049 0.99680485 -1.10555166
0.00000000 0.00000000 0.00000000 1.00000000
136	136	137
0.99921390 -0.01219051 0.03772241 0.66677979
0.00953165 0.99750995 0.06987877 1.95811072
-0.03848034 -0.06946428 0.99684200 -1.13468952
0.00000000 0.00000000 0.00000000 1.00000000
137	137	138
0.99923192 -0.01293587 0.03698977 0.58719044
0.01026303 0.99738371 0.07155705 2.21543226
-0.03781865 -0.07112246 0.99675039 -1.04218533
0.00000000 0.00000000 0.00000000 1.00000000
138	138	139
0.99923246 -0.01289280 0.03698999 0.58981372
0.01019645 0.99733962 0.07217837 2.24916036
-0.03782217 -0.07174580 0.99670559 -1.04377300
0.00000000 0.00000000 0.00000000 1.00000000
139	139	140
0.99920070 -0.01405836 0.03742081 0.63208672
0.01130948 0.99729101 0.07268244 2.43551807
-0.03834123 -0.07220113 0.99665287 -1.12581841
0.00000000 0.00000000 0.00000000 1.00000000
140	140	141
0.99916639 -0.01452226 0.03815269 0.71180054
0.01185192 0.99752493 0.06930768 2.12897621
-0.03906476 -0.06879772 0.99686550 -1.22816290
0.00000000 0.00000000 0.00000000 1.00000000
141	141	142
0.99916555 -0.01418198 0.03830244 0.74570886
0.01154602 0.99760590 0.06818478 1.92849097
-0.03917774 -0.06768564 0.99693719 -1.23375145
0.00000000 0.00000000 0.00000000 1.00000000
142	142	143
0.99917542 -0.01363070 0.03824516 0.76297452
0.01102717 0.99765978 0.06747860 1.74375052
-0.03907544 -0.06700122 0.99698744 -1.19569036
0.00000000 0.00000000 0.00000000 1.00000000
143	143	144
0.99920029 -0.01234995 0.03802977 0.78775829
0.00984487 0.99781265 0.06536809 1.33786657
-0.03875388 -0.06494142 0.99713627 -1.10682259
0.00000000 0.00000000 0.00000000 1.00000000
144	144	145
0.99922748 -0.01177954 0.03749258 0.78528410
0.00925670 0.99772578 0.06676511 1.34358418
-0.03819377 -0.06636648 0.99706405 -0.98711485
0.00000000 0.00000000 0.00000000 1.00000000
145	145	146
0.99923884 -0.01193416 0.03713903 0.78928490
0.00939884 0.99766098 0.06770689 1.45142604
-0.03786019 -0.06730629 0.99701378 -0.91799829
0.00000000 0.00000000 0.00000000 1.00000000
146	146	147
0.99924865 -0.01109788 0.03713441 0.83370344
0.00856878 0.99767666 0.06758587 1.30278524
-0.03779819 -0.06721689 0.99702216 -0.88438730
0.00000000 0.00000000 0.00000000 1.00000000
147	147	148
0.99925907 -0.01152221 0.03672248 0.83753973
0.00896909 0.99758006 0.06894627 1.48161295
-0.03742803 -0.06856582 0.99694427 -0.82204379
0.00000000 0.00000000 0.00000000 1.00000000
148	148	149
0.99925767 -0.01123314 0.03684997 0.88974174
0.00876211 0.99774492 0.06654551 1.17795143
-0.03751439 -0.06617323 0.99710269 -0.82762741
0.00000000 0.00000000 0.00000000 1.00000000
149	149	150
0.99924133 -0.01240532 0.03691714 0.94588742
0.00978806 0.99748136 0.07025052 1.70781729
-0.03769564 -0.06983587 0.99684602 -0.87289011
0.00000000 0.00000000 0.00000000 1.00000000
150	150	151
0.99942946 -0.01336643 0.03101757 0.44220023
0.01114521 0.99743456 0.07071131 1.94397351
-0.03188315 -0.07032527 0.99701445 -0.02246492
0.00000000 0.00000000 0.00000000 1.00000000
151	151	152
0.99951895 -0.01170620 0.02872005 0.26284691
0.00974003 0.99766027 0.06766919 1.41459500
-0.02944500 -0.06735690 0.99729436 0.35896178
0.00000000 0.00000000 0.00000000 1.00000000
152	152	153
0.99954124 -0.01040118 0.02844506 0.26818319
0.00830621 0.99731192 0.07280074 1.72599822
-0.02912581 -0.07253107 0.99694079 0.39804065
0.00000000 0.00000000 0.00000000 1.00000000
153	153	154
0.99959673 -0.01145615 0.02598351 0.05250828
0.00933825 0.99673390 0.08021422 2.62015145
-0.02681759 -0.07993923 0.99643893 0.75646478
0.00000000 0.00000000 0.00000000 1.00000000
154	154	155
0.99956608 -0.01203551 0.02688509 0.15062055
0.00937553 0.99524402 0.09696104 4.34162390
-0.02792420 -0.09666690 0.99492500 0.54810258
0.00000000 0.00000000 0.00000000 1.00000000
155	155	156
0.99956979 -0.01137912 0.02703241 0.16576552
0.00857736 0.99478959 0.10158792 4.69733357
-0.02804754 -0.10131235 0.99445922 0.52306505
0.00000000 0.00000000 0.00000000 1.00000000
156	156	157
0.99950111 -0.01151115 0.02941115 0.36547725
0.00867251 0.99545072 0.09488234 4.05094612
-0.03036955 -0.09457994 0.99505393 0.16219063
0.00000000 0.00000000 0.00000000 1.00000000
157	157	158
0.99944476 -0.01448928 0.03000371 0.37625950
0.01191584 0.99637420 0.08424053 3.42873705
-0.03111551 -0.08383624 0.99599363 0.10613872
0.00000000 0.00000000 0.00000000 1.00000000
158	158	159
0.99939650 -0.01680917 0.03039876 0.40843676
0.01534037 0.99873327 0.04792212 0.31161919
-0.03116578 -0.04742687 0.99838839 0.17859890
0.00000000 0.00000000 0.00000000 1.00000000
159	159	160
0.99938529 -0.01679597 0.03077224 0.44642507
0.01541334 0.99888468 0.04462993 0.03725758
-0.03148752 -0.04412819 0.99852954 0.16001762
0.00000000 0.00000000 0.00000000 1.00000000
160	160	161
0.99939136 -0.01664613 0.03065634 0.43394719
0.01506580 0.99858100 0.05107852 0.61162541
-0.03146310 -0.05058557 0.99822401 0.17479750
0.00000000 0.00000000 0.00000000 1.00000000
161	161	162
0.99936848 -0.01766671 0.03083052 0.44803994
0.01589597 0.99826108 0.05676376 1.24566494
-0.03177974 -0.05623783 0.99791150 0.16931185
0.00000000 0.00000000 0.00000000 1.00000000
162	162	163
0.99938748 -0.01666250 0.03077392 0.44598092
0.01466017 0.99783047 0.06418285 1.84616034
-0.03177661 -0.06369239 0.99746355 0.16950244
0.00000000 0.00000000 0.00000000 1.00000000
163	163	164
0.99948064 -0.01500488 0.02851840 0.23751805
0.01300882 0.99753651 0.06893249 2.17185677
-0.02948247 -0.06852570 0.99721362 0.35832649
0.00000000 0.00000000 0.00000000 1.00000000
164	164	165
0.99949344 -0.01648154 0.02722528 0.11027147
0.01449751 0.99733308 0.07153007 2.55042070
-0.02833160 -0.07109914 0.99706681 0.46338887
0.00000000 0.00000000 0.00000000 1.00000000
165	165	166
0.99947390 -0.01682731 0.02772656 0.15119599
0.01497516 0.99772671 0.06570513 2.04677176
-0.02876917 -0.06525535 0.99745380 0.44176166
0.00000000 0.00000000 0.00000000 1.00000000
166	166	167
0.99948809 -0.01556023 0.02795404 0.17386492
0.01444580 0.99910977 0.03963567 -0.34391511
-0.02854589 -0.03921156 0.99882310 0.48463122
0.00000000 0.00000000 0.00000000 1.00000000
167	167	168
0.99949499 -0.01436091 0.02834644 0.20771480
0.01352926 0.99947863 0.02931587 -1.33307180
-0.02875267 -0.02891756 0.99916818 0.46835380
0.00000000 0.00000000 0.00000000 1.00000000
168	168	169
0.99948467 -0.01400227 0.02888495 0.27684268
0.01278229 0.99903598 0.04199659 -0.23049599
-0.02944515 -0.04160574 0.99870013 0.43119726
0.00000000 0.00000000 0.00000000 1.00000000
169	169	170
0.99944553 -0.01369012 0.03035148 0.39909775
0.01265544 0.99934089 0.03402388 -0.95397866
-0.03079727 -0.03362090 0.99896004 0.41309272
0.00000000 0.00000000 0.00000000 1.00000000
170	170	171
0.99945459 -0.01329695 0.03022778 0.36894885
0.01210497 0.99915492 0.03927988 -0.48632709
-0.03072454 -0.03889255 0.99877093 0.45495388
0.00000000 0.00000000 0.00000000 1.00000000
171	171	172
0.99943127 -0.01281357 0.03119224 0.46675341
0.01161352 0.99919672 0.03835426 -0.57392321
-0.03165864 -0.03797019 0.99877725 0.44836581
0.00000000 0.00000000 0.00000000 1.00000000
172	172	173
0.99941572 -0.01255685 0.03178896 0.50667651
0.01164464 0.99951966 0.02872011 -1.40200668
-0.03213433 -0.02833316 0.99908189 0.45828455
0.00000000 0.00000000 0.00000000 1.00000000
173	173	174
0.99940698 -0.01244704 0.03210557 0.53919759
0.01208170 0.99986033 0.01154813 -2.87418835
-0.03224483 -0.01115339 0.99941777 0.45839921
0.00000000 0.00000000 0.00000000 1.00000000
174	174	175
0.99943687 -0.01195130 0.03135445 0.48981597
0.01149822 0.99982743 0.01459096 -2.52516327
-0.03152342 -0.01422222 0.99940182 0.46771347
0.00000000 0.00000000 0.00000000 1.00000000
175	175	176
0.99952246 -0.01291321 0.02807312 0.20036833
0.01249894 0.99981113 0.01488238 -2.46785419
-0.02825999 -0.01452439 0.99949508 0.58294232
0.00000000 0.00000000 0.00000000 1.00000000
176	176	177
0.99953425 -0.01263405 0.02777893 0.18724515
0.01222608 0.99981562 0.01480726 -2.43418102
-0.02796089 -0.01446073 0.99950442 0.60209676
0.00000000 0.00000000 0.00000000 1.00000000
177	177	178
0.99955100 -0.01272026 0.02712916 0.13970100
0.01227004 0.99978529 0.01669789 -2.25772095
-0.02733573 -0.01635752 0.99949247 0.57625477
0.00000000 0.00000000 0.00000000 1.00000000
178	178	179
0.99957742 -0.01165103 0.02663136 0.11739723
0.01125874 0.99982659 0.01483348 -2.42143993
-0.02679957 -0.01452737 0.99953526 0.56835926
0.00000000 0.00000000 0.00000000 1.00000000
179	179	180
0.99961079 -0.01150279 0.02541551 -0.02953890
0.01114370 0.99983672 0.01422535 -2.50411245
-0.02557499 -0.01393659 0.99957576 0.58768973
0.00000000 0.00000000 0.00000000 1.00000000
180	180	181
0.99962649 -0.01360426 0.02370261 -0.24424631
0.01307939 0.99966888 0.02215987 -1.79461633
-0.02399623 -0.02184158 0.99947342 0.60678899
0.00000000 0.00000000 0.00000000 1.00000000
181	181	182
0.99974164 -0.01336057 0.01838895 -0.79277935
0.01294782 0.99966559 0.02238433 -1.80334245
-0.01868187 -0.02214045 0.99958031 0.61922175
0.00000000 0.00000000 0.00000000 1.00000000
182	182	183
0.99969304 -0.02023948 0.01428921 -1.22838955
0.01986556 0.99946862 0.02584240 -1.50704021
-0.01480465 -0.02555060 0.99956390 0.65575030
0.00000000 0.00000000 0.00000000 1.00000000
183	183	184
0.99968826 -0.02071281 0.01394158 -1.30694584
0.02030916 0.99938753 0.02849750 -1.27569852
-0.01452331 -0.02820547 0.99949664 0.67484229
0.00000000 0.00000000 0.00000000 1.00000000
184	184	185
0.99972292 -0.02051387 0.01154412 -1.58867613
0.02032696 0.99966405 0.01608107 -2.39937723
-0.01187013 -0.01584196 0.99980405 0.70239316
0.00000000 0.00000000 0.00000000 1.00000000
185	185	186
0.99972860 -0.01951554 0.01272260 -1.51807507
0.01930575 0.99967896 0.01640907 -2.40070144
-0.01303875 -0.01615900 0.99978442 0.68857589
0.00000000 0.00000000 0.00000000 1.00000000
186	186	187
0.99975483 -0.01745466 0.01362401 -1.47090709
0.01723109 0.99971771 0.01635824 -2.41012206
-0.01390569 -0.01611947 0.99977337 0.67250428
0.00000000 0.00000000 0.00000000 1.00000000
187	187	188
0.99977471 -0.01527380 0.01473908 -1.42271786
0.01504282 0.99976427 0.01565655 -2.46413771
-0.01497474 -0.01543130 0.99976879 0.65938818
0.00000000 0.00000000 0.00000000 1.00000000
188	188	189
0.99979718 -0.01380981 0.01465896 -1.45350068
0.01359325 0.99979849 0.01477146 -2.52853035
-0.01486000 -0.01456920 0.99978344 0.65900962
0.00000000 0.00000000 0.00000000 1.00000000
189	189	190
0.99975498 -0.01457689 0.01665822 -1.34941105
0.01434033 0.99979586 0.01423331 -2.53752542
-0.01686230 -0.01399093 0.99975993 0.63655286
0.00000000 0.00000000 0.00000000 1.00000000
190	190	191
0.99985155 -0.01121800 0.01307785 -1.60044471
0.01100806 0.99981114 0.01601614 -2.42080912
-0.01325505 -0.01586980 0.99978620 0.64630827
0.00000000 0.00000000 0.00000000 1.00000000
191	191	192
0.99983287 -0.01201188 0.01378232 -1.58743155
0.01188368 0.99988571 0.00934616 -2.80164040
-0.01389301 -0.00918082 0.99986134 0.63852333
0.00000000 0.00000000 0.00000000 1.00000000
192	192	193
0.99987094 -0.01133794 0.01138208 -1.75684722
0.01124297 0.99990173 0.00837382 -2.84254656
-0.01147591 -0.00824477 0.99990016 0.62829020
0.00000000 0.00000000 0.00000000 1.00000000
193	193	194
0.99985041 -0.01173861 0.01270296 -1.72253046
0.01164934 0.99990709 0.00707879 -2.88389139
-0.01278488 -0.00692975 0.99989426 0.63522119
0.00000000 0.00000000 0.00000000 1.00000000
194	194	195
0.99981585 -0.01073750 0.01590512 -1.58288989
0.01058931 0.99990001 0.00937191 -2.76723688
-0.01600416 -0.00920176 0.99982958 0.61283416
0.00000000 0.00000000 0.00000000 1.00000000
195	195	196
0.99979662 -0.01336257 0.01510484 -1.67776605
0.01323075 0.99987380 0.00879333 -2.80723503
-0.01522044 -0.00859169 0.99984725 0.61507589
0.00000000 0.00000000 0.00000000 1.00000000
196	196	197
0.99982502 -0.01208585 0.01427813 -1.77606132
0.01196528 0.99989229 0.00849974 -2.83376386
-0.01437932 -0.00832741 0.99986194 0.61503284
0.00000000 0.00000000 0.00000000 1.00000000
197	197	198
0.99982019 -0.01271783 0.01406557 -1.82677759
0.01258634 0.99987663 0.00939767 -2.79649796
-0.01418335 -0.00921894 0.99985691 0.63769576
0.00000000 0.00000000 0.00000000 1.00000000
198	198	199
0.99983139 -0.01369521 0.01223267 -1.93934410
0.01358872 0.99986941 0.00874649 -2.83144802
-0.01235086 -0.00857879 0.99988692 0.64201893
0.00000000 0.00000000 0.00000000 1.00000000
199	199	200
0.99982594 -0.01410631 0.01221071 -1.97246081
0.01401788 0.99987512 0.00729693 -2.88686125
-0.01231212 -0.00712449 0.99989882 0.63896711
0.00000000 0.00000000 0.00000000 1.00000000
200	200	201
0.99986390 -0.01178842 0.01154184 -2.02771506
0.01171389 0.99991023 0.00650449 -2.91391248
-0.01161748 -0.00636840 0.99991223 0.65168423
0.00000000 0.00000000 0.00000000 1.00000000
201	201	202
0.99988706 -0.01042509 0.01082531 -2.09685438
0.01035900 0.99992747 0.00614357 -2.93608299
-0.01088857 -0.00603074 0.99992253 0.65228183
0.00000000 0.00000000 0.00000000 1.00000000
202	202	203
0.99990119 -0.00893891 0.01084897 -2.14627713
0.00886694 0.99993849 0.00666312 -2.94098757
-0.01090786 -0.00656626 0.99991895 0.63758901
0.00000000 0.00000000 0.00000000 1.00000000
203	203	204
0.99990086 -0.00817967 0.01146173 -2.16426366
0.00807207 0.99992321 0.00940277 -2.85494682
-0.01153776 -0.00930932 0.99989010 0.62180474
0.00000000 0.00000000 0.00000000 1.00000000
204	204	205
0.99987407 -0.01106988 0.01137084 -2.19378336
0.01095157 0.99988579 0.01041490 -2.82218634
-0.01148483 -0.01028906 0.99988111 0.61488783
0.00000000 0.00000000 0.00000000 1.00000000
205	205	206
0.99985637 -0.01341755 0.01035452 -2.26381176
0.01331589 0.99986307 0.00982518 -2.84082214
-0.01048493 -0.00968589 0.99989812 0.61561603
0.00000000 0.00000000 0.00000000 1.00000000
206	206	207
0.99986158 -0.01355337 0.00965049 -2.30922185
0.01346575 0.99986804 0.00908665 -2.85223428
-0.00977237 -0.00895544 0.99991215 0.60172158
0.00000000 0.00000000 0.00000000 1.00000000
207	207	208
0.99987287 -0.01255569 0.00982820 -2.32891193
0.01247405 0.99988755 0.00832382 -2.86529873
-0.00993161 -0.00820016 0.99991706 0.60059276
0.00000000 0.00000000 0.00000000 1.00000000
208	208	209
0.99988239 -0.01222470 0.00926046 -2.37737327
0.01217513 0.99991135 0.00539051 -2.95456743
-0.00932554 -0.00527713 0.99994259 0.61624985
0.00000000 0.00000000 0.00000000 1.00000000
209	209	210
0.99990274 -0.01054796 0.00912441 -2.41805538
0.01048965 0.99992440 0.00641519 -2.93263984
