0	0	1
0.96285441 0.02226308 0.26910174 35.32052305
-0.06828746 0.98427586 0.16290443 -0.71143290
-0.26124359 -0.17522952 0.94923464 44.49706060
0.00000000 0.00000000 0.00000000 1.00000000
1	1	2
0.96282380 0.01978965 0.26940434 35.30447230
-0.06596472 0.98434479 0.16344413 -0.72336611
-0.26195225 -0.17513908 0.94905601 44.49881345
0.00000000 0.00000000 0.00000000 1.00000000
2	2	3
0.96220800 0.01873315 0.27167046 35.33055131
-0.06450761 0.98491601 0.16055908 -0.79625833
-0.26456480 -0.17201605 0.94890249 44.47274552
0.00000000 0.00000000 0.00000000 1.00000000
3	3	4
0.96192564 0.01794594 0.27272149 35.32063143
-0.06451676 0.98455200 0.16277268 -0.74972572
-0.26558738 -0.17417032 0.94822363 44.42152790
0.00000000 0.00000000 0.00000000 1.00000000
4	4	5
0.96122653 0.01767532 0.27519292 35.35497755
-0.06431302 0.98479325 0.16138804 -0.79459796
-0.26815555 -0.17282895 0.94774614 44.35887115
0.00000000 0.00000000 0.00000000 1.00000000
5	5	6
0.96089013 0.01887010 0.27628624 35.37059919
-0.06508302 0.98512007 0.15906805 -0.85034377
-0.26917349 -0.17082846 0.94782027 44.32464579
0.00000000 0.00000000 0.00000000 1.00000000
6	6	7
0.96075720 0.02151559 0.27655502 35.37023514
-0.06751809 0.98514147 0.15791644 -0.86349255
-0.26904815 -0.17039182 0.94793445 44.30402430
0.00000000 0.00000000 0.00000000 1.00000000
7	7	8
0.96068936 0.01939392 0.27694733 35.39989806
-0.06511786 0.98546949 0.15687430 -0.89387315
-0.26988074 -0.16874169 0.94799295 44.32741899
0.00000000 0.00000000 0.00000000 1.00000000
8	8	9
0.95999613 0.00471861 0.27997351 35.45411107
-0.05081493 0.98619198 0.15761734 -1.00391096
-0.27536389 -0.16553887 0.94698026 44.33674803
0.00000000 0.00000000 0.00000000 1.00000000
9	9	10
0.96014920 -0.00471369 0.27944820 35.46981604
-0.05281950 0.97877966 0.19799111 -1.03662066
-0.27445148 -0.20486131 0.93952553 44.39514301
0.00000000 0.00000000 0.00000000 1.00000000
10	10	11
0.96008220 -0.00587182 0.27965638 35.46086955
-0.05258586 0.97816450 0.20106947 -1.04271047
-0.27473059 -0.20774919 0.93880955 44.38430110
0.00000000 0.00000000 0.00000000 1.00000000
11	11	12
0.95974908 -0.00597640 0.28079529 35.45478291
-0.05197029 0.97872937 0.19846385 -1.01919769
-0.27600869 -0.20506851 0.93902402 44.32873569
0.00000000 0.00000000 0.00000000 1.00000000
12	12	13
0.95953576 -0.00978803 0.28141664 35.45941666
-0.04973972 0.97778894 0.20360440 -0.94534136
-0.27715897 -0.20936328 0.93773659 44.27923922
0.00000000 0.00000000 0.00000000 1.00000000
13	13	14
0.95948987 -0.01368927 0.28141037 35.47028926
-0.04714678 0.97693360 0.20827366 -0.82790864
-0.27777036 -0.21310406 0.93671249 44.23778500
0.00000000 0.00000000 0.00000000 1.00000000
14	14	15
0.95957063 -0.01415438 0.28111181 35.48006859
-0.04859859 0.97540335 0.21500345 -0.85967653
-0.27724064 -0.21997264 0.93528053 44.23793278
0.00000000 0.00000000 0.00000000 1.00000000
15	15	16
0.96008793 -0.01125324 0.27947188 35.50049820
-0.04974579 0.97638976 0.21021033 -0.93151598
-0.27523903 -0.21572295 0.93686023 44.33127733
0.00000000 0.00000000 0.00000000 1.00000000
16	16	17
0.95939695 -0.00517075 0.28201197 35.48633062
-0.04939961 0.98129795 0.18604843 -1.02786756
-0.27769978 -0.19242558 0.94119883 44.14840613
0.00000000 0.00000000 0.00000000 1.00000000
17	17	18
0.95867024 -0.00721930 0.28442794 35.45995578
-0.05271713 0.97786145 0.20250406 -1.14236611
-0.27959305 -0.20912884 0.93706609 44.02950397
0.00000000 0.00000000 0.00000000 1.00000000
18	18	19
0.95969040 -0.00416687 0.28102842 35.50557682
-0.04982412 0.98153139 0.18469890 -1.04014916
-0.27660784 -0.19125576 0.94175864 44.17765277
0.00000000 0.00000000 0.00000000 1.00000000
19	19	20
0.95995045 -0.00497842 0.28012561 35.51179657
-0.04890681 0.98151325 0.18504018 -0.98916783
-0.27586820 -0.19132945 0.94196060 44.21034901
0.00000000 0.00000000 0.00000000 1.00000000
20	20	21
0.96011683 -0.00583605 0.27953822 35.52687866
-0.04847862 0.98116462 0.18699150 -0.94506769
-0.27536431 -0.19308531 0.94174973 44.21520948
0.00000000 0.00000000 0.00000000 1.00000000
21	21	22
0.96023636 -0.00673041 0.27910719 35.52233118
-0.04822776 0.98068200 0.18957031 -0.89423499
-0.27499129 -0.19549302 0.94136192 44.22651390
0.00000000 0.00000000 0.00000000 1.00000000
22	22	23
0.96013735 -0.00680991 0.27944568 35.50034122
-0.04728867 0.98133674 0.18639200 -0.81486550
-0.27549963 -0.19217653 0.94189603 44.16654846
0.00000000 0.00000000 0.00000000 1.00000000
23	23	24
0.95995293 -0.00584541 0.28010033 35.47762797
-0.04624790 0.98275987 0.17900885 -0.74033689
-0.27631775 -0.18479412 0.94313288 44.07363007
0.00000000 0.00000000 0.00000000 1.00000000
24	24	25
0.95983368 -0.00421105 0.28053801 35.46112413
-0.04859702 0.98227900 0.18101460 -0.90597417
-0.27632886 -0.18737722 0.94261983 44.06353618
0.00000000 0.00000000 0.00000000 1.00000000
25	25	26
0.95920380 0.00103480 0.28271363 35.38581957
-0.04998150 0.98486255 0.16597471 -1.12375976
-0.27826231 -0.17333403 0.94473562 43.87549028
0.00000000 0.00000000 0.00000000 1.00000000
26	26	27
0.95912681 0.00291082 0.28296165 35.35033066
-0.05256305 0.98437757 0.16804144 -1.33699062
-0.27805196 -0.17604638 0.94429592 43.90232685
0.00000000 0.00000000 0.00000000 1.00000000
27	27	28
0.96039080 -0.00404135 0.27862730 35.42681110
-0.04645614 0.98357940 0.17439438 -0.72784263
-0.27475686 -0.18043070 0.94443286 44.26007162
0.00000000 0.00000000 0.00000000 1.00000000
28	28	29
0.96135942 -0.00516718 0.27524783 35.47601609
-0.04703945 0.98203709 0.18273052 -0.68823689
-0.27124778 -0.18861721 0.94384754 44.63806645
0.00000000 0.00000000 0.00000000 1.00000000
29	29	30
0.96086896 -0.00162933 0.27699853 35.41921083
-0.04760211 0.98413541 0.17091382 -0.83800020
-0.27288254 -0.17741150 0.94554761 44.50552121
0.00000000 0.00000000 0.00000000 1.00000000
30	30	31
0.96023739 -0.00014604 0.27918475 35.36546973
-0.04664106 0.98586241 0.16093453 -0.81156896
-0.27526126 -0.16755683 0.94665514 44.28757169
0.00000000 0.00000000 0.00000000 1.00000000
31	31	32
0.96184979 0.00332659 0.27355788 35.44152620
-0.04824240 0.98631918 0.15762977 -0.96575719
-0.26929102 -0.16481326 0.94885138 44.71740626
0.00000000 0.00000000 0.00000000 1.00000000
32	32	33
0.96260793 -0.00039087 0.27089817 35.45967636
-0.05127995 0.98165616 0.18363428 -1.00400967
-0.26600064 -0.19065946 0.94492996 44.91343130
0.00000000 0.00000000 0.00000000 1.00000000
33	33	34
0.96288201 -0.00337723 0.26990151 35.46712020
-0.04834721 0.98159324 0.18476269 -0.77759302
-0.26555748 -0.19095365 0.94499520 44.89405224
0.00000000 0.00000000 0.00000000 1.00000000
34	34	35
0.96335195 -0.00162904 0.26823567 35.48427073
-0.04971551 0.98157216 0.18451143 -0.89148422
-0.26359324 -0.19108492 0.94551846 45.03823194
0.00000000 0.00000000 0.00000000 1.00000000
35	35	36
0.96244067 -0.00253754 0.27148025 35.34522440
-0.04990650 0.98126282 0.18609841 -0.93507781
-0.26686571 -0.19265731 0.94428060 44.78646363
0.00000000 0.00000000 0.00000000 1.00000000
36	36	37
0.96274421 -0.00324237 0.27039429 35.35600819
-0.04844571 0.98168221 0.18426353 -0.81053973
-0.26603872 -0.19049809 0.94495179 44.86124692
0.00000000 0.00000000 0.00000000 1.00000000
37	37	38
0.96154129 0.00127802 0.27465744 35.15077580
-0.05446570 0.98101760 0.18611276 -1.34571095
-0.26920593 -0.19391451 0.94335854 44.65082398
0.00000000 0.00000000 0.00000000 1.00000000
38	38	39
0.96028533 -0.00146063 0.27901606 34.90544241
-0.05171063 0.98173132 0.18311097 -1.09308514
-0.27418626 -0.19026687 0.94266665 44.24366921
0.00000000 0.00000000 0.00000000 1.00000000
39	39	40
0.96041838 -0.00151958 0.27855739 34.88405322
-0.05328305 0.98051890 0.18905977 -1.35801290
-0.27341807 -0.19641887 0.94162741 44.33282970
0.00000000 0.00000000 0.00000000 1.00000000
40	40	41
0.96049993 -0.00297341 0.27826435 34.87071263
-0.05378165 0.97910726 0.19610329 -1.63038585
-0.27303375 -0.20332271 0.94027254 44.38277549
0.00000000 0.00000000 0.00000000 1.00000000
41	41	42
0.96088971 -0.00322708 0.27691253 34.93045918
-0.05414751 0.97844240 0.19929506 -1.79764584
-0.27158610 -0.20649469 0.94000049 44.52237074
0.00000000 0.00000000 0.00000000 1.00000000
42	42	43
0.96117382 -0.00619170 0.27587414 34.96598184
-0.05036493 0.97901840 0.19744961 -1.42417398
-0.27130841 -0.20367778 0.94069501 44.49350228
0.00000000 0.00000000 0.00000000 1.00000000
43	43	44
0.96130676 -0.00472719 0.27543961 34.96027949
-0.05092255 0.97957275 0.19453563 -1.35688567
-0.27073274 -0.20103451 0.94142919 44.51710654
0.00000000 0.00000000 0.00000000 1.00000000
44	44	45
0.96159155 -0.00947889 0.27432069 35.00264198
-0.04709800 0.97888342 0.19891964 -1.20910982
-0.27041351 -0.20419940 0.94083959 44.57473337
0.00000000 0.00000000 0.00000000 1.00000000
45	45	46
0.96165121 -0.00812711 0.27415489 35.00826476
-0.04837077 0.97886848 0.19868762 -1.29502800
-0.26997633 -0.20432928 0.94093694 44.59705554
0.00000000 0.00000000 0.00000000 1.00000000
46	46	47
0.96113850 -0.00629991 0.27599472 34.86710901
-0.05064148 0.97875158 0.19869772 -1.48805926
-0.27138205 -0.20495281 0.94039679 44.53781855
0.00000000 0.00000000 0.00000000 1.00000000
47	47	48
0.96160021 -0.00930827 0.27429619 34.99356283
-0.04745235 0.97873450 0.19956716 -1.28225257
-0.27032077 -0.20491982 0.94070960 44.61487614
0.00000000 0.00000000 0.00000000 1.00000000
48	48	49
0.96096563 -0.00911769 0.27651750 34.75731452
-0.04665531 0.97980308 0.19444587 -0.88576117
-0.27270560 -0.19975681 0.94113170 44.39427373
0.00000000 0.00000000 0.00000000 1.00000000
49	49	50
0.96029842 -0.00624741 0.27890484 34.42548111
-0.04864465 0.98068356 0.18945570 -0.70584254
-0.27470100 -0.19550123 0.94144497 43.96539611
0.00000000 0.00000000 0.00000000 1.00000000
50	50	51
0.96075838 -0.00402932 0.27735736 34.49709510
-0.05022272 0.98084206 0.18821937 -0.85325669
-0.27280216 -0.19476297 0.94214986 44.07143634
0.00000000 0.00000000 0.00000000 1.00000000
51	51	52
0.96037013 -0.00761862 0.27862372 34.35073429
-0.04643180 0.98128583 0.18687484 -0.46375613
-0.27483323 -0.19240601 0.94204385 43.93702419
0.00000000 0.00000000 0.00000000 1.00000000
52	52	53
0.96006848 -0.01480320 0.27937319 34.24485974
-0.04075959 0.98054287 0.19202690 -0.46573671
-0.27678000 -0.19574611 0.94078493 43.86719499
0.00000000 0.00000000 0.00000000 1.00000000
53	53	54
0.96012036 -0.01172104 0.27934121 34.22343611
-0.04290923 0.98110658 0.18864962 -0.39187099
-0.27627467 -0.19311266 0.94147746 43.88734160
0.00000000 0.00000000 0.00000000 1.00000000
54	54	55
0.96016608 -0.01521136 0.27901562 34.23219678
-0.04009817 0.98068233 0.19145312 -0.41895075
-0.27653795 -0.19501481 0.94100796 43.91527435
0.00000000 0.00000000 0.00000000 1.00000000
55	55	56
0.95973115 -0.01614403 0.28045585 34.08186055
-0.04096540 0.97963237 0.19657631 -0.94181117
-0.27791717 -0.20014940 0.93952236 43.94733155
0.00000000 0.00000000 0.00000000 1.00000000
56	56	57
0.96008315 -0.01601807 0.27925574 34.21197750
-0.04056262 0.97983302 0.19565765 -0.82311696
-0.27675805 -0.19917496 0.94007144 44.00215786
0.00000000 0.00000000 0.00000000 1.00000000
57	57	58
0.96019548 -0.01802617 0.27874666 34.27136264
-0.03915583 0.97937623 0.19821458 -0.95413532
-0.27657091 -0.20123930 0.93968680 44.10028644
0.00000000 0.00000000 0.00000000 1.00000000
58	58	59
0.95990612 -0.02280541 0.27939247 34.20093803
-0.03494844 0.97917302 0.19999702 -0.76634743
-0.27813458 -0.20174269 0.93911716 44.03451573
0.00000000 0.00000000 0.00000000 1.00000000
59	59	60
0.96019488 -0.02137085 0.27851228 34.32500237
-0.03624921 0.97910447 0.20010104 -0.90931578
-0.27696894 -0.20223184 0.93935642 44.12672674
0.00000000 0.00000000 0.00000000 1.00000000
60	60	61
0.96072704 -0.02206531 0.27661649 34.58611584
-0.03519677 0.97909317 0.20034410 -0.87926303
-0.27525397 -0.20221199 0.93986465 44.24382137
0.00000000 0.00000000 0.00000000 1.00000000
61	61	62
0.96105242 -0.02477716 0.27525323 34.76804271
-0.03356427 0.97813636 0.20523815 -1.22365855
-0.27432041 -0.20648329 0.93920869 44.39308036
0.00000000 0.00000000 0.00000000 1.00000000
62	62	63
0.96156588 -0.02558619 0.27337959 35.02553734
-0.03287323 0.97775958 0.20713658 -1.37761439
-0.27259935 -0.20816234 0.93933915 44.53047993
0.00000000 0.00000000 0.00000000 1.00000000
63	63	64
0.96166372 -0.02925882 0.27266613 35.14791355
-0.03029883 0.97686821 0.21168488 -1.59319380
-0.27255253 -0.21183113 0.93853220 44.60985571
0.00000000 0.00000000 0.00000000 1.00000000
64	64	65
0.96207124 -0.03023676 0.27111745 35.37893294
-0.02947822 0.97649609 0.21350979 -1.70499239
-0.27120098 -0.21340369 0.93856747 44.70776255
0.00000000 0.00000000 0.00000000 1.00000000
65	65	66
0.96237085 -0.02855960 0.27023453 35.53171185
-0.02927044 0.97778100 0.20757544 -1.07124926
-0.27015846 -0.20767443 0.94015198 44.63442351
0.00000000 0.00000000 0.00000000 1.00000000
66	66	67
0.96249426 -0.02743838 0.26991097 35.59656291
-0.02948920 0.97839745 0.20461869 -0.78134195
-0.26969461 -0.20490378 0.94089280 44.59377258
0.00000000 0.00000000 0.00000000 1.00000000
67	67	68
0.96200334 -0.02883176 0.27151116 35.37910754
-0.02935442 0.97772409 0.20783146 -1.05335381
-0.27145515 -0.20790461 0.93972750 44.48697698
0.00000000 0.00000000 0.00000000 1.00000000
68	68	69
0.96189533 -0.02791223 0.27198950 35.31286978
-0.02984770 0.97811079 0.20593301 -0.89553141
-0.27178392 -0.20620426 0.94000708 44.41462921
0.00000000 0.00000000 0.00000000 1.00000000
69	69	70
0.96150646 -0.03124914 0.27299967 35.13401512
-0.02565505 0.97896369 0.20241518 0.04619423
-0.27358207 -0.20162732 0.94047821 44.14547351
0.00000000 0.00000000 0.00000000 1.00000000
70	70	71
0.96075919 -0.03469175 0.27520586 34.83321452
-0.02225161 0.97931156 0.20113115 0.66023823
-0.27648987 -0.19936238 0.94011063 43.82321644
0.00000000 0.00000000 0.00000000 1.00000000
71	71	72
0.96081349 -0.03765289 0.27462647 34.89125951
-0.01818313 0.98003647 0.19798456 1.50511668
-0.27659865 -0.19521981 0.94094762 43.71735386
0.00000000 0.00000000 0.00000000 1.00000000
72	72	73
0.96060385 -0.03839154 0.27525686 34.78728953
-0.01870470 0.97923662 0.20185584 1.05786887
-0.27729115 -0.19905209 0.93994036 43.72953959
0.00000000 0.00000000 0.00000000 1.00000000
73	73	74
0.96080511 -0.04068415 0.27422317 34.90740182
-0.01564813 0.97963677 0.20016724 1.62504914
-0.27678273 -0.19661279 0.94060339 43.72285485
0.00000000 0.00000000 0.00000000 1.00000000
74	74	75
0.96082777 -0.03557898 0.27485294 34.86298889
-0.02138524 0.97925097 0.20151974 0.69486398
-0.27631988 -0.19950355 0.94013066 43.81910204
0.00000000 0.00000000 0.00000000 1.00000000
75	75	76
0.96127078 -0.03278296 0.27364897 35.06179417
-0.02194527 0.98064322 0.19456947 1.22110938
-0.27473057 -0.19303924 0.94194425 43.85715713
0.00000000 0.00000000 0.00000000 1.00000000
76	76	77
0.96240249 -0.03033868 0.26992780 35.55536008
-0.02112262 0.98237466 0.18572525 2.08386350
-0.27080489 -0.18444402 0.94479898 44.17206760
0.00000000 0.00000000 0.00000000 1.00000000
77	77	78
0.96214242 -0.03158418 0.27071093 35.47790342
-0.02064452 0.98196347 0.18794025 1.98412257
-0.27176418 -0.18641398 0.94413667 44.04257948
0.00000000 0.00000000 0.00000000 1.00000000
78	78	79
0.96129772 -0.02987223 0.27388748 35.12949222
-0.02422074 0.98109287 0.19201598 1.15539175
-0.27444500 -0.19121828 0.94239881 43.74342086
0.00000000 0.00000000 0.00000000 1.00000000
79	79	80
0.96080288 -0.03058526 0.27554014 34.95127633
-0.02462576 0.98055131 0.19471182 0.92143496
-0.27613656 -0.19386507 0.94136334 43.51836348
0.00000000 0.00000000 0.00000000 1.00000000
80	80	81
0.96057349 -0.03347890 0.27600313 34.90038229
-0.02128848 0.98095228 0.19307880 1.60327032
-0.27720996 -0.19134207 0.94156404 43.28183902
0.00000000 0.00000000 0.00000000 1.00000000
81	81	82
0.96037739 -0.03060709 0.27701709 34.78301813
-0.02484071 0.98059524 0.19446316 0.92950942
-0.27759359 -0.19363932 0.94098120 43.22402437
0.00000000 0.00000000 0.00000000 1.00000000
82	82	83
0.96026930 -0.03267803 0.27715521 34.77537518
-0.02407345 0.97971958 0.19892211 0.75664451
-0.27803477 -0.19769088 0.94000797 43.19371371
0.00000000 0.00000000 0.00000000 1.00000000
83	83	84
0.96070924 -0.03571769 0.27524899 35.00084750
-0.02026232 0.98001405 0.19789367 1.43887492
-0.27681618 -0.19569546 0.94078483 43.33409387
0.00000000 0.00000000 0.00000000 1.00000000
84	84	85
0.96093779 -0.03673594 0.27431557 35.12274831
-0.02068831 0.97884442 0.20355734 1.04240571
-0.27599014 -0.20128107 0.93984859 43.51817921
0.00000000 0.00000000 0.00000000 1.00000000
85	85	86
0.96059339 -0.03855666 0.27527026 35.03094745
-0.01884364 0.97902076 0.20288734 1.44680691
-0.27731795 -0.20007933 0.93971433 43.26208305
0.00000000 0.00000000 0.00000000 1.00000000
86	86	87
0.96061650 -0.03975296 0.27501933 35.05549364
-0.01736647 0.97919075 0.20219762 1.84205595
-0.27733434 -0.19901049 0.93993643 43.18951417
0.00000000 0.00000000 0.00000000 1.00000000
87	87	88
0.96070206 -0.03579759 0.27526367 35.04343150
-0.02108143 0.97937609 0.20094291 1.17824529
-0.27677993 -0.19884922 0.94013396 43.27603125
0.00000000 0.00000000 0.00000000 1.00000000
88	88	89
0.96028539 -0.03481102 0.27683958 34.89332932
-0.02244397 0.97933447 0.20099816 0.92415926
-0.27811550 -0.19922897 0.93965929 43.05118659
0.00000000 0.00000000 0.00000000 1.00000000
89	89	90
0.96039361 -0.03581732 0.27633536 34.94734603
-0.02079489 0.97972610 0.19925949 1.33350486
-0.27786991 -0.19711391 0.94017787 43.07679072
0.00000000 0.00000000 0.00000000 1.00000000
90	90	91
0.96075871 -0.03743466 0.27484786 35.08693553
-0.01859093 0.97993371 0.19845480 1.78825786
-0.27676177 -0.19577685 0.94078390 43.26916451
0.00000000 0.00000000 0.00000000 1.00000000
91	91	92
0.96117485 -0.03936472 0.27311778 35.21992534
-0.01755758 0.97904202 0.20290010 1.81354634
-0.27538089 -0.19981776 0.94033942 43.58424979
0.00000000 0.00000000 0.00000000 1.00000000
92	92	93
0.96133180 -0.04335176 0.27195919 35.29954063
-0.01466949 0.97806903 0.20776375 2.20142457
-0.27500179 -0.20371940 0.93961291 43.69995477
0.00000000 0.00000000 0.00000000 1.00000000
93	93	94
0.96128257 -0.04656100 0.27160247 35.32208063
-0.01250802 0.97723354 0.21179746 2.47843492
-0.27528054 -0.20699441 0.93881518 43.69122664
0.00000000 0.00000000 0.00000000 1.00000000
94	94	95
0.96096552 -0.04549838 0.27290138 35.22928531
-0.01365563 0.97738297 0.21103568 2.31102683
-0.27633095 -0.20652465 0.93861002 43.50496691
0.00000000 0.00000000 0.00000000 1.00000000
95	95	96
0.96048684 -0.04527311 0.27461859 35.09460838
-0.01381186 0.97771295 0.20949133 2.33746184
-0.27798247 -0.20500666 0.93845512 43.21394440
0.00000000 0.00000000 0.00000000 1.00000000
96	96	97
0.96031562 -0.04513758 0.27523900 35.05631200
-0.01392729 0.97782703 0.20895055 2.33413080
-0.27856766 -0.20449181 0.93839393 43.11614564
0.00000000 0.00000000 0.00000000 1.00000000
97	97	98
0.96028650 -0.04720275 0.27499407 35.06017918
-0.01290302 0.97701864 0.21276300 2.44765875
-0.27871733 -0.20786169 0.93760875 43.11493816
0.00000000 0.00000000 0.00000000 1.00000000
98	98	99
0.96029643 -0.04780110 0.27485600 35.05655189
-0.01170745 0.97743898 0.21089327 2.70824029
-0.27873590 -0.20573791 0.93807154 43.10260735
0.00000000 0.00000000 0.00000000 1.00000000
99	99	100
0.96042706 -0.04871402 0.27423859 35.08365398
-0.01035956 0.97765812 0.20994588 2.95773391
-0.27833890 -0.20447870 0.93846466 43.16818399
0.00000000 0.00000000 0.00000000 1.00000000
100	100	101
0.96054311 -0.04861213 0.27384994 35.09033868
-0.01003791 0.97790677 0.20880038 3.05921210
-0.27794994 -0.20331064 0.93883365 43.20741055
0.00000000 0.00000000 0.00000000 1.00000000
101	101	102
0.96022615 -0.05262290 0.27421993 35.02739419
-0.00685032 0.97734525 0.21154040 3.51542064
-0.27913941 -0.20500512 0.93811198 43.01278625
0.00000000 0.00000000 0.00000000 1.00000000
102	102	103
0.96043868 -0.05237856 0.27352152 35.06658639
-0.00765255 0.97681923 0.21392902 3.38024792
-0.27838638 -0.20755884 0.93777415 43.15015575
0.00000000 0.00000000 0.00000000 1.00000000
103	103	104
0.96033673 -0.05245564 0.27386453 35.06374496
-0.00642779 0.97772082 0.20981108 3.62485440
-0.27876882 -0.20324963 0.93860403 43.05951986
0.00000000 0.00000000 0.00000000 1.00000000
104	104	105
0.95954168 -0.04985665 0.27711746 34.92325429
-0.00537609 0.98077500 0.19506795 3.85957926
-0.28151531 -0.18866564 0.94082645 42.56003770
0.00000000 0.00000000 0.00000000 1.00000000
105	105	106
0.95991615 -0.05266654 0.27529479 35.02579135
-0.00274923 0.98037135 0.19714068 4.26617100
-0.28027384 -0.18999537 0.94092950 42.74329696
0.00000000 0.00000000 0.00000000 1.00000000
106	106	107
0.95961826 -0.05371259 0.27612996 35.00378321
-0.00152289 0.98059530 0.19603708 4.45880505
-0.28130140 -0.18854128 0.94091536 42.55549151
0.00000000 0.00000000 0.00000000 1.00000000
107	107	108
0.95984021 -0.05248752 0.27559361 35.04880423
-0.00216712 0.98092635 0.19436767 4.37548348
-0.28053891 -0.18715915 0.94141881 42.65834194
0.00000000 0.00000000 0.00000000 1.00000000
108	108	109
0.95971990 -0.05619342 0.27528169 35.05415040
0.00166422 0.98091445 0.19443269 4.93406712
-0.28095363 -0.18614279 0.94149664 42.59717428
0.00000000 0.00000000 0.00000000 1.00000000
109	109	110
0.95985303 -0.05661941 0.27472971 35.06263233
0.00333859 0.98165321 0.19064582 5.11368809
-0.28048355 -0.18207476 0.94243183 42.63755950
0.00000000 0.00000000 0.00000000 1.00000000
110	110	111
0.96002007 -0.05373608 0.27472515 35.08440160
0.00016128 0.98150842 0.19141888 4.66465585
-0.27993115 -0.18372165 0.94227645 42.71264704
0.00000000 0.00000000 0.00000000 1.00000000
111	111	112
0.96045405 -0.04952612 0.27399852 35.10949747
-0.00255476 0.98244493 0.18653534 4.09111774
-0.27842683 -0.17985862 0.94346668 42.95871724
0.00000000 0.00000000 0.00000000 1.00000000
112	112	113
0.96098019 -0.05018899 0.27202600 35.12884218
-0.00143336 0.98248563 0.18633288 4.25348515
-0.27661350 -0.17945212 0.94407728 43.26316605
0.00000000 0.00000000 0.00000000 1.00000000
113	113	114
0.96074828 -0.05166810 0.27256770 35.11471718
0.00027109 0.98267791 0.18532150 4.49046620
-0.27742146 -0.17797343 0.94412012 43.13298247
0.00000000 0.00000000 0.00000000 1.00000000
114	114	115
0.96054765 -0.04828794 0.27389138 35.12885817
-0.00304304 0.98292800 0.18396545 3.94157225
-0.27809882 -0.17754105 0.94400224 43.02951546
0.00000000 0.00000000 0.00000000 1.00000000
115	115	116
0.96058839 -0.04637607 0.27407882 35.15377079
-0.00449869 0.98326198 0.18214181 3.64161534
-0.27793830 -0.17619630 0.94430142 43.06627032
0.00000000 0.00000000 0.00000000 1.00000000
116	116	117
0.95988531 -0.04898532 0.27608085 35.16273607
-0.00177106 0.98354242 0.18066867 3.97472193
-0.28038734 -0.17391015 0.94400116 42.65591914
0.00000000 0.00000000 0.00000000 1.00000000
117	117	118
0.95971696 -0.04692063 0.27702313 35.19073274
-0.00373274 0.98374135 0.17955230 3.62014178
-0.28094382 -0.17335344 0.94393811 42.55742377
0.00000000 0.00000000 0.00000000 1.00000000
118	118	119
0.95894023 -0.04694889 0.27969524 35.23739594
-0.00324572 0.98432153 0.17635359 3.49956074
-0.28358966 -0.17002036 0.94375314 42.15258446
0.00000000 0.00000000 0.00000000 1.00000000
119	119	120
0.95863027 -0.04821742 0.28054071 35.25182598
-0.00566210 0.98212424 0.18814866 3.90748244
-0.28459788 -0.18195345 0.94122101 41.89162149
0.00000000 0.00000000 0.00000000 1.00000000
120	120	121
0.95914478 -0.04268089 0.27967772 35.23746404
-0.01109222 0.98212181 0.18791941 3.08059868
-0.28269815 -0.18334417 0.94152359 42.20763676
0.00000000 0.00000000 0.00000000 1.00000000
121	121	122
0.95972949 -0.04276895 0.27765107 35.17776284
-0.01336661 0.98027163 0.19720261 3.41558585
-0.28060762 -0.19297242 0.94022391 42.50822214
0.00000000 0.00000000 0.00000000 1.00000000
122	122	123
0.95978118 -0.04018571 0.27785823 35.19765610
-0.01634184 0.98002811 0.19818639 3.06935310
-0.28027313 -0.19475628 0.93995583 42.58937564
0.00000000 0.00000000 0.00000000 1.00000000
123	123	124
0.95957021 -0.04151490 0.27839096 35.20585571
-0.01551803 0.97975585 0.19959376 3.31591303
-0.28104128 -0.19584430 0.93950030 42.46314859
0.00000000 0.00000000 0.00000000 1.00000000
124	124	125
0.95945189 -0.04060150 0.27893295 35.20887813
-0.01656427 0.97973999 0.19958750 3.18008981
-0.28138532 -0.19611492 0.93934085 42.40703458
0.00000000 0.00000000 0.00000000 1.00000000
125	125	126
0.95904261 -0.03825636 0.28066656 35.26506036
-0.01888299 0.97999936 0.19810270 2.71033642
-0.28263174 -0.19528875 0.93913876 42.19329554
0.00000000 0.00000000 0.00000000 1.00000000
126	126	127
0.95874472 -0.03924648 0.28154623 35.29657842
-0.01815716 0.97994663 0.19843115 2.86397413
-0.28368801 -0.19535689 0.93880605 41.99968418
0.00000000 0.00000000 0.00000000 1.00000000
127	127	128
0.95856139 -0.03781124 0.28236566 35.33763482
-0.01963007 0.98003090 0.19787395 2.61916200
-0.28420893 -0.19521719 0.93867754 41.89956697
0.00000000 0.00000000 0.00000000 1.00000000
128	128	129
0.95829294 -0.03664885 0.28342812 35.37763774
-0.02073753 0.98021185 0.19686212 2.36621305
-0.28503437 -0.19452918 0.93857009 41.74632883
0.00000000 0.00000000 0.00000000 1.00000000
129	129	130
0.95853607 -0.03530155 0.28277623 35.32758960
-0.02203062 0.98014813 0.19703881 2.20311962
-0.28411837 -0.19509854 0.93872963 41.85657676
0.00000000 0.00000000 0.00000000 1.00000000
130	130	131
0.95819918 -0.03440237 0.28402608 35.39574885
-0.02287593 0.98035317 0.19591924 1.94222504
-0.28518595 -0.19422702 0.93858662 41.70056775
0.00000000 0.00000000 0.00000000 1.00000000
131	131	132
0.95806760 -0.03426953 0.28448563 35.40855736
-0.02315792 0.98031453 0.19607941 1.90835843
-0.28560494 -0.19444542 0.93841398 41.62740257
0.00000000 0.00000000 0.00000000 1.00000000
132	132	133
0.95811555 -0.03397630 0.28435930 35.39030714
-0.02347800 0.98027611 0.19623337 1.87534087
-0.28541791 -0.19469043 0.93842008 41.66102943
0.00000000 0.00000000 0.00000000 1.00000000
133	133	134
0.95829219 -0.03381157 0.28378310 35.34390470
-0.02366402 0.98017930 0.19669404 1.90979728
-0.28480886 -0.19520581 0.93849806 41.76945662
0.00000000 0.00000000 0.00000000 1.00000000
134	134	135
0.95826236 -0.03301019 0.28397814 35.36583734
-0.02417264 0.98039931 0.19553228 1.69285463
-0.28486653 -0.19423573 0.93868181 41.78406586
0.00000000 0.00000000 0.00000000 1.00000000
135	135	136
0.95826635 -0.03315088 0.28394827 35.36038638
-0.02395521 0.98044876 0.19531097 1.65660915
-0.28487146 -0.19396197 0.93873692 41.76312963
0.00000000 0.00000000 0.00000000 1.00000000
136	136	137
0.95825267 -0.03377638 0.28392072 35.36069128
-0.02358495 0.98027649 0.19621862 1.76017735
-0.28494836 -0.19472328 0.93855595 41.70053316
0.00000000 0.00000000 0.00000000 1.00000000
137	137	138
0.95847605 -0.03506011 0.28300965 35.29819958
-0.02249821 0.98002380 0.19760362 2.03986953
-0.28428419 -0.19576555 0.93854054 41.82337579
0.00000000 0.00000000 0.00000000 1.00000000
138	138	139
0.95829422 -0.03501712 0.28363004 35.34478845
-0.02270969 0.97999555 0.19771949 2.00213208
-0.28487974 -0.19591460 0.93832884 41.73486858
0.00000000 0.00000000 0.00000000 1.00000000
139	139	140
0.95822160 -0.03363591 0.28404222 35.37241479
-0.02424044 0.97993886 0.19781868 1.76458532
-0.28499782 -0.19643945 0.93818324 41.72338441
0.00000000 0.00000000 0.00000000 1.00000000
140	140	141
0.95838430 -0.03386096 0.28346601 35.35426715
-0.02411651 0.97978879 0.19857575 1.82357033
-0.28446078 -0.19714809 0.93819758 41.82707470
0.00000000 0.00000000 0.00000000 1.00000000
141	141	142
0.95819821 -0.03450870 0.28401643 35.40968666
-0.02349735 0.97985387 0.19832868 1.84215926
-0.28513867 -0.19671182 0.93808336 41.68505139
0.00000000 0.00000000 0.00000000 1.00000000
142	142	143
0.95795852 -0.03220998 0.28509294 35.52349939
-0.02499129 0.98053328 0.19475604 1.19116807
-0.28581621 -0.19369305 0.93850525 41.62673483
0.00000000 0.00000000 0.00000000 1.00000000
143	143	144
0.95796071 -0.03103076 0.28521636 35.60241982
-0.02597747 0.98066840 0.19394498 0.93065885
-0.28572094 -0.19320087 0.93863570 41.67996907
0.00000000 0.00000000 0.00000000 1.00000000
144	144	145
0.95803464 -0.03320477 0.28472280 35.64364755
-0.02516168 0.97969324 0.19891716 1.49138424
-0.28554600 -0.19773363 0.93774458 41.67997736
0.00000000 0.00000000 0.00000000 1.00000000
145	145	146
0.95844709 -0.03692590 0.28287039 35.57059844
-0.02147494 0.97943401 0.20061867 2.21352980
-0.28446091 -0.19835700 0.93794269 41.87520950
0.00000000 0.00000000 0.00000000 1.00000000
146	146	147
0.95866635 -0.03674456 0.28215009 35.57510806
-0.02102611 0.97976653 0.19903632 2.07512157
-0.28375472 -0.19674194 0.93849660 42.03446656
0.00000000 0.00000000 0.00000000 1.00000000
147	147	148
0.95880411 -0.03799510 0.28151563 35.56427805
-0.01970168 0.97973389 0.19933224 2.26952756
-0.28338406 -0.19666690 0.93862432 42.10846949
0.00000000 0.00000000 0.00000000 1.00000000
148	148	149
0.95872719 -0.03641710 0.28198577 35.63042366
-0.02099871 0.97998631 0.19795428 1.91146043
-0.28355111 -0.19570548 0.93877480 42.09457743
0.00000000 0.00000000 0.00000000 1.00000000
149	149	150
0.95810370 -0.03591270 0.28416118 35.80508735
-0.02320662 0.97911317 0.20198727 2.02330003
-0.28547986 -0.20011917 0.93725854 41.69632939
0.00000000 0.00000000 0.00000000 1.00000000
150	150	151
0.95983727 -0.03625564 0.27820487 35.50519835
-0.02135123 0.97929971 0.20128637 2.21620718
-0.27974371 -0.19914217 0.93919426 42.73900095
0.00000000 0.00000000 0.00000000 1.00000000
151	151	152
0.96061230 -0.03408978 0.27579322 35.41756559
-0.02173420 0.98019070 0.19685990 1.68982332
-0.27704086 -0.19510019 0.94084232 43.28467409
0.00000000 0.00000000 0.00000000 1.00000000
152	152	153
0.96100428 -0.03487595 0.27432543 35.37122334
-0.02277790 0.97866101 0.20421509 2.28900782
-0.27559379 -0.20250013 0.93970302 43.40442742
0.00000000 0.00000000 0.00000000 1.00000000
153	153	154
0.96205553 -0.03819324 0.27016743 35.15441727
-0.02043140 0.97729110 0.21091387 3.30546007
-0.27208771 -0.20843075 0.93942796 43.95815860
0.00000000 0.00000000 0.00000000 1.00000000
154	154	155
0.96193760 -0.04272983 0.26990779 35.15109426
-0.01969558 0.97428967 0.22443646 4.82813087
-0.27255850 -0.22120986 0.93636428 43.65786992
0.00000000 0.00000000 0.00000000 1.00000000
155	155	156
0.96192933 -0.04302307 0.26989068 35.16716821
-0.02119338 0.97281496 0.23061199 5.26325838
-0.27247533 -0.22755233 0.93486744 43.58766437
0.00000000 0.00000000 0.00000000 1.00000000
156	156	157
0.96212621 -0.04024664 0.26961706 35.11824778
-0.02248113 0.97395834 0.22560975 4.58877804
-0.27167581 -0.22312635 0.93616606 43.72658354
0.00000000 0.00000000 0.00000000 1.00000000
157	157	158
0.96249262 -0.03711512 0.26875717 35.00289754
-0.02047379 0.97783773 0.20836072 3.18237956
-0.27053423 -0.20604814 0.94040172 44.15792527
0.00000000 0.00000000 0.00000000 1.00000000
158	158	159
0.96243660 -0.02784302 0.27007511 35.07905884
-0.01532045 0.98757365 0.15640832 -1.29406866
-0.27107394 -0.15467077 0.95005046 44.81512700
0.00000000 0.00000000 0.00000000 1.00000000
159	159	160
0.96251799 -0.02601121 0.26996767 35.08549096
-0.01519353 0.98865617 0.14942600 -1.93008191
-0.27079195 -0.14792698 0.95120415 44.93078198
0.00000000 0.00000000 0.00000000 1.00000000
160	160	161
0.96273475 -0.02957932 0.26882498 35.01435673
-0.01470990 0.98680235 0.16125985 -0.77366113
-0.27004707 -0.15920485 0.94959380 44.90569459
0.00000000 0.00000000 0.00000000 1.00000000
161	161	162
0.96262068 -0.03103716 0.26906899 35.03649411
-0.01424337 0.98623756 0.16471976 -0.38021617
-0.27047838 -0.16239510 0.94893060 44.84654593
0.00000000 0.00000000 0.00000000 1.00000000
162	162	163
0.96298806 -0.02943079 0.26793251 34.96241654
-0.01418787 0.98710869 0.15942125 -0.89054989
-0.26917040 -0.15732215 0.95015632 45.04757831
0.00000000 0.00000000 0.00000000 1.00000000
163	163	164
0.96376629 -0.02901559 0.26516531 34.76342490
-0.01648377 0.98568832 0.16777017 -0.27464564
-0.26623830 -0.16606216 0.94949488 45.25861707
0.00000000 0.00000000 0.00000000 1.00000000
164	164	165
0.96405128 -0.03177403 0.26380967 34.66121484
-0.01390821 0.98542972 0.16951350 0.11699354
-0.26535201 -0.16708882 0.94956287 45.35446572
0.00000000 0.00000000 0.00000000 1.00000000
165	165	166
0.96395545 -0.03016975 0.26434764 34.68648363
-0.01335678 0.98681016 0.16132982 -0.59893338
-0.26572822 -0.15904560 0.95083806 45.41069400
0.00000000 0.00000000 0.00000000 1.00000000
166	166	167
0.96425418 -0.02212209 0.26405395 34.65695377
-0.01498382 0.99036229 0.13768814 -2.83451199
-0.26455502 -0.13672290 0.95462950 45.73449880
0.00000000 0.00000000 0.00000000 1.00000000
167	167	168
0.96416163 -0.01832668 0.26468187 34.70108071
-0.01642889 0.99157306 0.12850272 -3.74833471
-0.26480644 -0.12824582 0.95573561 45.79186794
0.00000000 0.00000000 0.00000000 1.00000000
168	168	169
0.96405652 -0.01996028 0.26494644 34.73980655
-0.01743232 0.99027392 0.13803503 -2.94067370
-0.26512477 -0.13769220 0.95433208 45.67350675
0.00000000 0.00000000 0.00000000 1.00000000
169	169	170
0.96373569 -0.01643026 0.26635235 34.84698080
-0.01740758 0.99210642 0.12418464 -4.18836744
-0.26629026 -0.12431772 0.95584235 45.76158082
0.00000000 0.00000000 0.00000000 1.00000000
170	170	171
0.96379559 -0.01702308 0.26609823 34.81982953
-0.01840384 0.99133316 0.13007635 -3.67415459
-0.26600630 -0.13026424 0.95512925 45.76367196
0.00000000 0.00000000 0.00000000 1.00000000
171	171	172
0.96351467 -0.01492177 0.26723926 34.93495097
-0.01963176 0.99181552 0.12616086 -4.05848193
-0.26693459 -0.12680422 0.95533586 45.76921122
0.00000000 0.00000000 0.00000000 1.00000000
172	172	173
0.96332468 -0.01136787 0.26809763 34.98037754
-0.02017683 0.99320530 0.11461297 -5.06607511
-0.26757889 -0.11581887 0.95654980 45.84601448
0.00000000 0.00000000 0.00000000 1.00000000
173	173	174
0.96339322 -0.01000446 0.26790562 34.97420849
-0.02102178 0.99340760 0.11269174 -5.19643084
-0.26726690 -0.11419832 0.95683183 45.89411569
0.00000000 0.00000000 0.00000000 1.00000000
174	174	175
0.96338835 -0.00701342 0.26801809 34.99871067
-0.02141027 0.99445281 0.10298155 -6.01606777
-0.26725359 -0.10494956 0.95789410 45.94140296
0.00000000 0.00000000 0.00000000 1.00000000
175	175	176
0.96464454 -0.00715222 0.26345732 34.62692197
-0.01968907 0.99488269 0.09909984 -6.31732807
-0.26281791 -0.10078334 0.95956733 46.21388322
0.00000000 0.00000000 0.00000000 1.00000000
176	176	177
0.96462577 -0.00595514 0.26355580 34.65104059
-0.02013696 0.99515945 0.09618816 -6.54941992
-0.26285286 -0.09809279 0.95983654 46.24143689
0.00000000 0.00000000 0.00000000 1.00000000
177	177	178
0.96489432 -0.00698474 0.26254553 34.56209372
-0.01980159 0.99486637 0.09924117 -6.24957263
-0.26189089 -0.10095606 0.95980260 46.23583891
0.00000000 0.00000000 0.00000000 1.00000000
178	178	179
0.96531791 -0.00505262 0.26102836 34.43352016
-0.02062431 0.99521235 0.09553542 -6.57408665
-0.26026135 -0.09760558 0.96059210 46.30261264
0.00000000 0.00000000 0.00000000 1.00000000
179	179	180
0.96524668 -0.00320491 0.26132083 34.44271371
-0.02183457 0.99543982 0.09285917 -6.84853988
-0.26042677 -0.09533784 0.96077500 46.31103779
0.00000000 0.00000000 0.00000000 1.00000000
180	180	181
0.96515439 -0.00580924 0.26161663 34.43131642
-0.02012623 0.99514432 0.09634689 -6.55495468
-0.26090600 -0.09825498 0.96035099 46.29817102
0.00000000 0.00000000 0.00000000 1.00000000
181	181	182
0.96573113 -0.00349765 0.25952101 34.18477151
-0.01863243 0.99639499 0.08276387 -7.90720470
-0.25887492 -0.08476315 0.96218449 46.45904180
0.00000000 0.00000000 0.00000000 1.00000000
182	182	183
0.96658143 -0.02252677 0.25536815 33.76823812
0.00088642 0.99641953 0.08454190 -7.74373581
-0.25635826 -0.08149026 0.96314058 46.60720046
0.00000000 0.00000000 0.00000000 1.00000000
183	183	184
0.96580787 -0.02344751 0.25819638 33.99401476
0.00219990 0.99660718 0.08227563 -7.98051389
-0.25924953 -0.07889445 0.96258265 46.57291183
0.00000000 0.00000000 0.00000000 1.00000000
184	184	185
0.96603401 -0.02047979 0.25760216 33.88885925
0.00231014 0.99749923 0.07063953 -9.03664366
-0.25840464 -0.06764509 0.96366549 46.67745026
0.00000000 0.00000000 0.00000000 1.00000000
185	185	186
0.96576633 -0.02119422 0.25854632 33.94179052
0.00274647 0.99743644 0.07150531 -8.97724635
-0.25939902 -0.06834733 0.96334874 46.66311629
0.00000000 0.00000000 0.00000000 1.00000000
186	186	187
0.96558503 -0.02281230 0.25908521 33.96550030
0.00433220 0.99741853 0.07167644 -8.96618568
-0.26005149 -0.06808729 0.96319123 46.66115224
0.00000000 0.00000000 0.00000000 1.00000000
187	187	188
0.96560927 -0.02496663 0.25879608 33.92478286
0.00671497 0.99744154 0.07117078 -8.99973298
-0.25991085 -0.06698536 0.96330645 46.69131311
0.00000000 0.00000000 0.00000000 1.00000000
188	188	189
0.96595639 -0.02750195 0.25723900 33.80326066
0.00980941 0.99751202 0.06981082 -9.08522807
-0.25851893 -0.06491084 0.96382288 46.74919992
0.00000000 0.00000000 0.00000000 1.00000000
189	189	190
0.96608322 -0.02843746 0.25666034 33.76897519
0.01138760 0.99764254 0.06767331 -9.19694153
-0.25797973 -0.06245531 0.96412955 46.80190813
0.00000000 0.00000000 0.00000000 1.00000000
190	190	191
0.96748955 -0.02751794 0.25140951 33.44790686
0.00987129 0.99741433 0.07118431 -8.97851702
-0.25271830 -0.06638834 0.96525958 46.90721866
0.00000000 0.00000000 0.00000000 1.00000000
191	191	192
0.96810126 -0.02558335 0.24924975 33.29110753
0.00924911 0.99774450 0.06648583 -9.23937188
-0.25038849 -0.06205968 0.96615433 46.97624355
0.00000000 0.00000000 0.00000000 1.00000000
192	192	193
0.96933397 -0.02179412 0.24477882 33.01148314
0.00552015 0.99773940 0.06697468 -9.20825499
-0.24568513 -0.06356961 0.96726301 47.04728701
0.00000000 0.00000000 0.00000000 1.00000000
193	193	194
0.96899768 -0.02227722 0.24606344 33.04445997
0.00599807 0.99775433 0.06671078 -9.19199889
-0.24699700 -0.06316669 0.96695525 47.04149255
0.00000000 0.00000000 0.00000000 1.00000000
194	194	195
0.96782732 -0.02302467 0.25055967 33.23579210
0.00592925 0.99761485 0.06877110 -9.07181183
-0.25154548 -0.06507292 0.96565542 46.95492272
0.00000000 0.00000000 0.00000000 1.00000000
195	195	196
0.96802146 -0.02669784 0.24944274 33.12060752
0.00967537 0.99755446 0.06922060 -9.07445818
-0.25068076 -0.06459357 0.96591243 46.97889601
0.00000000 0.00000000 0.00000000 1.00000000
196	196	197
0.96809204 -0.02714459 0.24912040 33.04562201
0.01040366 0.99761246 0.06827252 -9.11360763
-0.25037884 -0.06350232 0.96606309 46.99572857
0.00000000 0.00000000 0.00000000 1.00000000
197	197	198
0.96793959 -0.02984498 0.24940375 33.02781723
0.01274140 0.99747170 0.06991320 -9.04206594
-0.25085974 -0.06449401 0.96587262 47.00744459
0.00000000 0.00000000 0.00000000 1.00000000
198	198	199
0.96816848 -0.03030551 0.24845798 32.95311859
0.01360897 0.99754831 0.06864518 -9.09318335
-0.24992917 -0.06307884 0.96620726 47.01884139
0.00000000 0.00000000 0.00000000 1.00000000
199	199	200
0.96804758 -0.02906258 0.24907678 32.93286890
0.01301340 0.99774527 0.06584098 -9.19458868
-0.25042869 -0.06049587 0.96624310 47.00596911
0.00000000 0.00000000 0.00000000 1.00000000
200	200	201
0.96828371 -0.02504081 0.24859527 32.87990679
0.00901189 0.99781792 0.06540790 -9.19595656
-0.24969068 -0.06109310 0.96639650 47.01944825
0.00000000 0.00000000 0.00000000 1.00000000
201	201	202
0.96862980 -0.02276565 0.24746320 32.80337396
0.00655297 0.99778865 0.06614275 -9.15718524
-0.24842175 -0.06244622 0.96663701 47.05121176
0.00000000 0.00000000 0.00000000 1.00000000
202	202	203
0.96875699 -0.01778031 0.24737373 32.74872559
-0.00005593 0.99741118 0.07190926 -8.98712755
-0.24801189 -0.06967643 0.96624805 47.04717752
0.00000000 0.00000000 0.00000000 1.00000000
203	203	204
0.96829146 -0.01766101 0.24919820 32.77360563
-0.00027938 0.99742087 0.07177413 -8.99683481
-0.24982309 -0.06956790 0.96578917 47.04184579
0.00000000 0.00000000 0.00000000 1.00000000
204	204	205
0.96780232 -0.02313296 0.25064622 32.79698349
0.00627469 0.99767575 0.06785076 -9.09950885
-0.25163324 -0.06409339 0.96569806 47.04228955
0.00000000 0.00000000 0.00000000 1.00000000
205	205	206
0.96781503 -0.03033932 0.24982712 32.74344830
0.01270760 0.99733170 0.07188872 -8.93113589
-0.25134156 -0.06640028 0.96561816 47.07232273
0.00000000 0.00000000 0.00000000 1.00000000
206	206	207
0.96766786 -0.03287992 0.25007563 32.73247770
0.01464902 0.99711962 0.07441682 -8.80966753
-0.25180214 -0.06834740 0.96536227 47.08648596
0.00000000 0.00000000 0.00000000 1.00000000
207	207	208
0.96749089 -0.03670631 0.25022795 32.71995664
