0	0	1
0.99960040 0.01211112 0.02554135 0.14203086
-0.01269125 0.99966233 0.02267516 -1.23331050
-0.02525810 -0.02299025 0.99941657 0.10444968
0.00000000 0.00000000 0.00000000 1.00000000
1	1	2
0.99958995 0.01192569 0.02603295 0.13008235
-0.01255896 0.99962584 0.02429938 -1.21328350
-0.02573342 -0.02461637 0.99936571 0.09894904
0.00000000 0.00000000 0.00000000 1.00000000
2	2	3
0.99956892 0.01055553 0.02739623 0.14264890
-0.01116120 0.99969457 0.02204981 -1.27372589
-0.02715512 -0.02234608 0.99938143 0.08449549
0.00000000 0.00000000 0.00000000 1.00000000
3	3	4
0.99957174 0.01054871 0.02729587 0.12620086
-0.01118210 0.99966931 0.02315688 -1.25641410
-0.02704257 -0.02345219 0.99935914 0.07227211
0.00000000 0.00000000 0.00000000 1.00000000
4	4	5
0.99959310 0.01047194 0.02653246 0.11497773
-0.01108296 0.99967431 0.02298770 -1.26231778
-0.02628309 -0.02327241 0.99938361 0.06833439
0.00000000 0.00000000 0.00000000 1.00000000
5	5	6
0.99956128 0.01135474 0.02735539 0.13917754
-0.01196440 0.99968135 0.02222713 -1.28280799
-0.02709429 -0.02254467 0.99937863 0.04728462
0.00000000 0.00000000 0.00000000 1.00000000
6	6	7
0.99953198 0.01320254 0.02759542 0.14841609
-0.01380006 0.99967197 0.02157587 -1.29322240
-0.02730151 -0.02194659 0.99938630 0.04517091
0.00000000 0.00000000 0.00000000 1.00000000
7	7	8
0.99951719 0.01283359 0.02829631 0.17541072
-0.01343944 0.99968225 0.02132571 -1.29726488
-0.02801363 -0.02169570 0.99937207 0.02747376
0.00000000 0.00000000 0.00000000 1.00000000
8	8	9
0.99956408 0.00899330 0.02812048 0.18721989
-0.00951916 0.99978127 0.01862254 -1.37927509
-0.02794685 -0.01888211 0.99943106 0.00389406
0.00000000 0.00000000 0.00000000 1.00000000
9	9	10
0.99957003 0.00951531 0.02773482 0.19172792
-0.01026567 0.99958166 0.02703909 -1.39806420
-0.02746593 -0.02731218 0.99924955 0.00528271
0.00000000 0.00000000 0.00000000 1.00000000
10	10	11
0.99958048 0.00939969 0.02739554 0.18201601
-0.01028732 0.99942069 0.03244167 -1.40806905
-0.02707473 -0.03270989 0.99909810 0.01403421
0.00000000 0.00000000 0.00000000 1.00000000
11	11	12
0.99956630 0.00878665 0.02810689 0.18276439
-0.00967428 0.99945371 0.03160219 -1.38680320
-0.02781386 -0.03186040 0.99910525 -0.02677569
0.00000000 0.00000000 0.00000000 1.00000000
12	12	13
0.99958034 0.00792882 0.02786161 0.17660046
-0.00889141 0.99936180 0.03459684 -1.36943182
-0.02756952 -0.03483005 0.99901291 -0.03705351
0.00000000 0.00000000 0.00000000 1.00000000
13	13	14
0.99958724 0.00634297 0.02801980 0.20239343
-0.00741162 0.99924257 0.03820161 -1.30008953
-0.02775626 -0.03839351 0.99887713 -0.05761416
0.00000000 0.00000000 0.00000000 1.00000000
14	14	15
0.99956984 0.00816012 0.02816993 0.20856646
-0.00944065 0.99891390 0.04562773 -1.35366841
-0.02776700 -0.04587404 0.99856125 -0.06553967
0.00000000 0.00000000 0.00000000 1.00000000
15	15	16
0.99960601 0.00920590 0.02651542 0.20070801
-0.01034267 0.99901900 0.04305890 -1.40787069
-0.02609302 -0.04331617 0.99872061 0.00231963
0.00000000 0.00000000 0.00000000 1.00000000
16	16	17
0.99962435 0.00951080 0.02570424 0.21607508
-0.01040243 0.99934086 0.03477979 -1.44084816
-0.02535651 -0.03503411 0.99906439 0.01436969
0.00000000 0.00000000 0.00000000 1.00000000
17	17	18
0.99958981 0.01175719 0.02611481 0.22133918
-0.01288869 0.99896633 0.04359074 -1.55102056
-0.02557532 -0.04390945 0.99870810 -0.00074185
0.00000000 0.00000000 0.00000000 1.00000000
18	18	19
0.99960531 0.01086019 0.02590904 0.25208315
-0.01184910 0.99919506 0.03832523 -1.50506758
-0.02547196 -0.03861710 0.99892938 -0.02032293
0.00000000 0.00000000 0.00000000 1.00000000
19	19	20
0.99959998 0.01070743 0.02617672 0.25663773
-0.01172428 0.99917020 0.03900572 -1.49614114
-0.02573735 -0.03929702 0.99889606 -0.04480556
0.00000000 0.00000000 0.00000000 1.00000000
20	20	21
0.99961316 0.01216288 0.02501206 0.25988879
-0.01312718 0.99916241 0.03875764 -1.56060872
-0.02451971 -0.03907099 0.99893555 0.01252515
0.00000000 0.00000000 0.00000000 1.00000000
21	21	22
0.99961405 0.01295528 0.02457454 0.27189617
-0.01387430 0.99919644 0.03760300 -1.60574267
-0.02406764 -0.03792944 0.99899054 0.03429300
0.00000000 0.00000000 0.00000000 1.00000000
22	22	23
0.99961400 0.01311261 0.02449297 0.26622623
-0.01405003 0.99915976 0.03850162 -1.59229524
-0.02396754 -0.03883089 0.99895832 0.02733656
0.00000000 0.00000000 0.00000000 1.00000000
23	23	24
0.99961147 0.01279384 0.02476352 0.26283015
-0.01379943 0.99906909 0.04087212 -1.54444423
-0.02421755 -0.04119796 0.99885747 -0.00710237
0.00000000 0.00000000 0.00000000 1.00000000
24	24	25
0.99957080 0.01429922 0.02556839 0.26307315
-0.01549644 0.99876260 0.04725600 -1.62884448
-0.02486103 -0.04763194 0.99855552 -0.06061049
0.00000000 0.00000000 0.00000000 1.00000000
25	25	26
0.99955824 0.01489320 0.02572017 0.24112142
-0.01595607 0.99900583 0.04162632 -1.69267927
-0.02507465 -0.04201832 0.99880214 -0.09347199
0.00000000 0.00000000 0.00000000 1.00000000
26	26	27
0.99952387 0.01693094 0.02579501 0.22757827
-0.01823388 0.99852486 0.05114326 -1.82996999
-0.02489105 -0.05158925 0.99835814 -0.05885748
0.00000000 0.00000000 0.00000000 1.00000000
27	27	28
0.99952507 0.01714421 0.02560696 0.21329995
-0.01838600 0.99862595 0.04907306 -1.86776578
-0.02473046 -0.04952057 0.99846688 -0.04489519
0.00000000 0.00000000 0.00000000 1.00000000
28	28	29
0.99948549 0.01795254 0.02657942 0.19855356
-0.01936313 0.99836392 0.05380099 -1.94094565
-0.02557007 -0.05428797 0.99819787 -0.11033987
0.00000000 0.00000000 0.00000000 1.00000000
29	29	30
0.99947845 0.01923372 0.02593999 0.17756646
-0.02033719 0.99886939 0.04296900 -2.10566633
-0.02508421 -0.04347413 0.99873960 -0.07703287
0.00000000 0.00000000 0.00000000 1.00000000
30	30	31
0.99945711 0.01977388 0.02635279 0.16497871
-0.02080673 0.99900239 0.03951338 -2.17576731
-0.02554516 -0.04004025 0.99887147 -0.12699228
0.00000000 0.00000000 0.00000000 1.00000000
31	31	32
0.99951377 0.01805444 0.02542153 0.15590611
-0.01898876 0.99913467 0.03700457 -2.05649668
-0.02473143 -0.03746930 0.99899170 -0.06783967
0.00000000 0.00000000 0.00000000 1.00000000
32	32	33
0.99946174 0.02038160 0.02570630 0.13160371
-0.02154369 0.99871964 0.04577060 -2.19414436
-0.02474051 -0.04629977 0.99862117 -0.06616795
0.00000000 0.00000000 0.00000000 1.00000000
33	33	34
0.99945068 0.01997744 0.02644324 0.09414840
-0.02118872 0.99870059 0.04634829 -2.17750981
-0.02548296 -0.04688313 0.99857528 -0.13475490
0.00000000 0.00000000 0.00000000 1.00000000
34	34	35
0.99946454 0.02169031 0.02449838 0.05607811
-0.02276676 0.99874765 0.04455107 -2.30193835
-0.02350138 -0.04508496 0.99870668 0.01840346
0.00000000 0.00000000 0.00000000 1.00000000
35	35	36
0.99940366 0.02288942 0.02585328 0.00004715
-0.02406382 0.99864847 0.04606696 -2.43394798
-0.02476389 -0.04666162 0.99860375 -0.08392446
0.00000000 0.00000000 0.00000000 1.00000000
36	36	37
0.99940079 0.02291263 0.02594359 -0.03748419
-0.02404904 0.99872551 0.04437335 -2.42591290
-0.02489381 -0.04497068 0.99867809 -0.08632757
0.00000000 0.00000000 0.00000000 1.00000000
37	37	38
0.99946422 0.01998148 0.02592324 -0.05554751
-0.02114338 0.99874740 0.04534961 -2.21607470
-0.02498462 -0.04587341 0.99863477 -0.08503497
0.00000000 0.00000000 0.00000000 1.00000000
38	38	39
0.99947912 0.02077812 0.02469348 -0.06700784
-0.02188314 0.99873119 0.04535563 -2.29969177
-0.02371974 -0.04587238 0.99866566 0.00764486
0.00000000 0.00000000 0.00000000 1.00000000
39	39	40
0.99950115 0.02180901 0.02284324 -0.05401997
-0.02284845 0.99866732 0.04627660 -2.38935824
-0.02180355 -0.04677545 0.99866744 0.15493223
0.00000000 0.00000000 0.00000000 1.00000000
40	40	41
0.99947986 0.02272663 0.02288049 -0.08142167
-0.02383056 0.99850507 0.04919083 -2.54993057
-0.02172834 -0.04971050 0.99852729 0.17144967
0.00000000 0.00000000 0.00000000 1.00000000
41	41	42
0.99946325 0.02334876 0.02297919 -0.11339022
-0.02452007 0.99834157 0.05208518 -2.72351419
-0.02172496 -0.05262067 0.99837823 0.18717257
0.00000000 0.00000000 0.00000000 1.00000000
42	42	43
0.99949834 0.02281136 0.02197075 -0.09522428
-0.02377401 0.99872205 0.04459885 -2.39464989
-0.02092531 -0.04509880 0.99876335 0.22522871
0.00000000 0.00000000 0.00000000 1.00000000
43	43	44
0.99953079 0.02288166 0.02036246 -0.06132836
-0.02373469 0.99880656 0.04268619 -2.32695053
-0.01936143 -0.04314946 0.99888100 0.35664958
0.00000000 0.00000000 0.00000000 1.00000000
44	44	45
0.99959419 0.01985934 0.02042228 -0.08762061
-0.02079814 0.99868614 0.04683417 -2.25154098
-0.01946536 -0.04723991 0.99869389 0.36370175
0.00000000 0.00000000 0.00000000 1.00000000
45	45	46
0.99956318 0.02109727 0.02069665 -0.11198987
-0.02206441 0.99861937 0.04767098 -2.39151916
-0.01966235 -0.04810682 0.99864865 0.35284015
0.00000000 0.00000000 0.00000000 1.00000000
46	46	47
0.99950558 0.02250356 0.02195850 -0.19232051
-0.02353217 0.99858125 0.04776730 -2.52270941
-0.02085241 -0.04826041 0.99861710 0.27314491
0.00000000 0.00000000 0.00000000 1.00000000
47	47	48
0.99948104 0.02332393 0.02221828 -0.21631755
-0.02434787 0.99859867 0.04698798 -2.54885312
-0.02109120 -0.04750457 0.99864833 0.26514132
0.00000000 0.00000000 0.00000000 1.00000000
48	48	49
0.99943642 0.02306535 0.02438898 -0.38672741
-0.02418310 0.99862205 0.04657445 -2.50478454
-0.02328112 -0.04713800 0.99861704 0.09540715
0.00000000 0.00000000 0.00000000 1.00000000
49	49	50
0.99919265 0.03077953 0.02581985 -0.59952222
-0.03196345 0.99839426 0.04676786 -3.20708478
-0.02433889 -0.04755539 0.99857203 0.01127600
0.00000000 0.00000000 0.00000000 1.00000000
50	50	51
0.99915608 0.03352838 0.02372694 -0.50548097
-0.03458622 0.99835745 0.04567480 -3.39273110
-0.02215657 -0.04645688 0.99867454 0.14581779
0.00000000 0.00000000 0.00000000 1.00000000
51	51	52
0.99914843 0.03278941 0.02504530 -0.62336539
-0.03380480 0.99857657 0.04125623 -3.01712106
-0.02365688 -0.04206775 0.99883465 0.02474827
0.00000000 0.00000000 0.00000000 1.00000000
52	52	53
0.99926832 0.02801426 0.02603891 -0.71301283
-0.02916134 0.99857162 0.04476977 -2.96516661
-0.02474752 -0.04549635 0.99865792 -0.04084733
0.00000000 0.00000000 0.00000000 1.00000000
53	53	54
0.99922415 0.02959024 0.02599076 -0.73996630
-0.03065508 0.99866501 0.04157483 -2.85149172
-0.02472585 -0.04233932 0.99879728 -0.04373340
0.00000000 0.00000000 0.00000000 1.00000000
54	54	55
0.99926020 0.02773610 0.02664138 -0.80197823
-0.02877826 0.99880248 0.03956547 -2.56472351
-0.02551209 -0.04030289 0.99886176 -0.10779677
0.00000000 0.00000000 0.00000000 1.00000000
55	55	56
0.99922346 0.02828144 0.02743420 -0.87757424
-0.02931744 0.99884277 0.03812615 -2.53092360
-0.02632419 -0.03890084 0.99889627 -0.16247725
0.00000000 0.00000000 0.00000000 1.00000000
56	56	57
0.99923201 0.02820781 0.02719757 -0.85685439
-0.02932210 0.99870893 0.04148122 -2.83323388
-0.02599236 -0.04224686 0.99876904 -0.12318974
0.00000000 0.00000000 0.00000000 1.00000000
57	57	58
0.99923288 0.02893250 0.02639249 -0.78283353
-0.02993028 0.99882070 0.03822805 -2.61954569
-0.02525534 -0.03898866 0.99892044 -0.07287003
0.00000000 0.00000000 0.00000000 1.00000000
58	58	59
0.99931089 0.02656432 0.02592460 -0.73155291
-0.02754489 0.99888927 0.03822959 -2.43604325
-0.02488026 -0.03891734 0.99893264 -0.04303027
0.00000000 0.00000000 0.00000000 1.00000000
59	59	60
0.99927083 0.02691457 0.02708172 -0.82647405
-0.02798134 0.99881521 0.03981473 -2.63234254
-0.02597804 -0.04054348 0.99884001 -0.12328913
0.00000000 0.00000000 0.00000000 1.00000000
60	60	61
0.99932916 0.02510421 0.02666491 -0.75019883
-0.02616196 0.99885354 0.04008936 -2.52012099
-0.02562793 -0.04076007 0.99884024 -0.08712356
0.00000000 0.00000000 0.00000000 1.00000000
61	61	62
0.99938778 0.02442202 0.02505272 -0.57416287
-0.02539362 0.99890763 0.03922649 -2.36772508
-0.02406737 -0.03983865 0.99891623 0.05141942
0.00000000 0.00000000 0.00000000 1.00000000
62	62	63
0.99935729 0.02643767 0.02420841 -0.47433512
-0.02730211 0.99897507 0.03610269 -2.24108868
-0.02322913 -0.03674043 0.99905483 0.11550515
0.00000000 0.00000000 0.00000000 1.00000000
63	63	64
0.99935787 0.02672767 0.02386356 -0.40871618
-0.02756593 0.99898878 0.03551803 -2.21618748
-0.02289012 -0.03615305 0.99908408 0.15257151
0.00000000 0.00000000 0.00000000 1.00000000
64	64	65
0.99936182 0.02675316 0.02366892 -0.34487064
-0.02758602 0.99898566 0.03559028 -2.23853428
-0.02269276 -0.03622050 0.99908614 0.18142529
0.00000000 0.00000000 0.00000000 1.00000000
65	65	66
0.99935192 0.02723369 0.02353841 -0.30275139
-0.02802907 0.99902364 0.03414863 -2.14571129
-0.02258543 -0.03478626 0.99913954 0.18487647
0.00000000 0.00000000 0.00000000 1.00000000
66	66	67
0.99934517 0.02762508 0.02336857 -0.26275461
-0.02846121 0.99893781 0.03623829 -2.39017553
-0.02234266 -0.03687966 0.99906992 0.22013006
0.00000000 0.00000000 0.00000000 1.00000000
67	67	68
0.99933101 0.02800935 0.02351628 -0.28587884
-0.02883605 0.99895058 0.03558400 -2.34126759
-0.02249492 -0.03623831 0.99908997 0.19890707
0.00000000 0.00000000 0.00000000 1.00000000
68	68	69
0.99931279 0.02899116 0.02309697 -0.25916105
-0.02984690 0.99884669 0.03760915 -2.66158518
-0.02198000 -0.03827268 0.99902557 0.26309639
0.00000000 0.00000000 0.00000000 1.00000000
69	69	70
0.99933368 0.02752385 0.02397136 -0.38298036
-0.02844371 0.99883753 0.03891727 -2.59271761
-0.02287234 -0.03957317 0.99895486 0.15085590
0.00000000 0.00000000 0.00000000 1.00000000
70	70	71
0.99930259 0.02896264 0.02356914 -0.36822815
-0.02988765 0.99875700 0.03988953 -2.86719846
-0.02238454 -0.04056614 0.99892608 0.20878736
0.00000000 0.00000000 0.00000000 1.00000000
71	71	72
0.99934564 0.02739357 0.02361967 -0.38357280
-0.02816565 0.99905842 0.03299959 -1.95590455
-0.02269346 -0.03364325 0.99917623 0.13198506
0.00000000 0.00000000 0.00000000 1.00000000
72	72	73
0.99934247 0.02698267 0.02421909 -0.46734304
-0.02787760 0.99891116 0.03740777 -2.34132184
-0.02318336 -0.03805835 0.99900655 0.08205495
0.00000000 0.00000000 0.00000000 1.00000000
73	73	74
0.99940026 0.02472997 0.02423953 -0.45642650
-0.02560806 0.99900145 0.03661040 -1.93877273
-0.02330995 -0.03720917 0.99903560 0.04567611
0.00000000 0.00000000 0.00000000 1.00000000
74	74	75
0.99932908 0.02603501 0.02575962 -0.58850127
-0.02701699 0.99889188 0.03853702 -2.30380452
-0.02472776 -0.03920712 0.99892509 -0.15089626
0.00000000 0.00000000 0.00000000 1.00000000
75	75	76
0.99930565 0.02790057 0.02469361 -0.47145191
-0.02880161 0.99890314 0.03691859 -2.41231861
-0.02363647 -0.03760417 0.99901313 -0.01173122
0.00000000 0.00000000 0.00000000 1.00000000
76	76	77
0.99922500 0.03067739 0.02466362 -0.45735498
-0.03155091 0.99885918 0.03584517 -2.69233063
-0.02353584 -0.03659555 0.99905297 -0.00171524
0.00000000 0.00000000 0.00000000 1.00000000
77	77	78
0.99921800 0.03090886 0.02465845 -0.42207148
-0.03180148 0.99882137 0.03666796 -2.78125391
-0.02349602 -0.03742346 0.99902323 -0.00213804
0.00000000 0.00000000 0.00000000 1.00000000
78	78	79
0.99927432 0.02837438 0.02541125 -0.42866519
-0.02924527 0.99897387 0.03458218 -2.19741742
-0.02440393 -0.03530024 0.99907875 -0.16384017
0.00000000 0.00000000 0.00000000 1.00000000
79	79	80
0.99918903 0.03045533 0.02633935 -0.48614108
-0.03142055 0.99881959 0.03704301 -2.72053546
-0.02518010 -0.03784057 0.99896649 -0.29108218
0.00000000 0.00000000 0.00000000 1.00000000
80	80	81
0.99920381 0.03018590 0.02608740 -0.43423766
-0.03110682 0.99888017 0.03564784 -2.53738164
-0.02498213 -0.03643095 0.99902386 -0.28389585
0.00000000 0.00000000 0.00000000 1.00000000
81	81	82
0.99916428 0.03113156 0.02648726 -0.44449918
-0.03204961 0.99887426 0.03497189 -2.62323449
-0.02536871 -0.03579157 0.99903723 -0.36714735
0.00000000 0.00000000 0.00000000 1.00000000
82	82	83
0.99916400 0.03153159 0.02602057 -0.38112751
-0.03245372 0.99883144 0.03581223 -2.71453437
-0.02486094 -0.03662675 0.99901973 -0.28894770
0.00000000 0.00000000 0.00000000 1.00000000
83	83	84
0.99913478 0.03279577 0.02557586 -0.34298981
-0.03366335 0.99884574 0.03426327 -2.82835488
-0.02442265 -0.03509460 0.99908553 -0.23079900
0.00000000 0.00000000 0.00000000 1.00000000
84	84	85
0.99915942 0.03255150 0.02491700 -0.27552367
-0.03348082 0.99872294 0.03783552 -2.99789093
-0.02365358 -0.03863796 0.99897328 -0.09690038
0.00000000 0.00000000 0.00000000 1.00000000
85	85	86
0.99927357 0.02913485 0.02456613 -0.21234696
-0.02991548 0.99903905 0.03203198 -1.99625400
-0.02360927 -0.03274362 0.99918490 -0.12591213
0.00000000 0.00000000 0.00000000 1.00000000
86	86	87
0.99930101 0.02888115 0.02373533 -0.15351420
-0.02962526 0.99906080 0.03162063 -1.87942647
-0.02279980 -0.03230169 0.99921808 -0.00341490
0.00000000 0.00000000 0.00000000 1.00000000
87	87	88
0.99925473 0.03031562 0.02389463 -0.16942069
-0.03110246 0.99896212 0.03327633 -2.22799945
-0.02286104 -0.03399471 0.99916051 -0.01725607
0.00000000 0.00000000 0.00000000 1.00000000
88	88	89
0.99925457 0.03090999 0.02312727 -0.13791514
-0.03160866 0.99903546 0.03048034 -2.19872896
-0.02216282 -0.03118864 0.99926777 0.11047873
0.00000000 0.00000000 0.00000000 1.00000000
89	89	90
0.99928772 0.03054150 0.02216446 -0.08819278
-0.03118584 0.99908311 0.02933213 -2.06166025
-0.02124829 -0.03000245 0.99932395 0.28819113
0.00000000 0.00000000 0.00000000 1.00000000
90	90	91
0.99931474 0.02978114 0.02198033 -0.06138230
-0.03037512 0.99916833 0.02720289 -1.82741778
-0.02115192 -0.02785190 0.99938825 0.30771412
0.00000000 0.00000000 0.00000000 1.00000000
91	91	92
0.99934199 0.02925436 0.02144204 -0.03531600
-0.02986163 0.99914563 0.02857090 -1.79076701
-0.02058789 -0.02919239 0.99936177 0.42950099
0.00000000 0.00000000 0.00000000 1.00000000
92	92	93
0.99941359 0.02755552 0.02032665 0.02231827
-0.02816487 0.99914314 0.03032700 -1.52494828
-0.01947355 -0.03088171 0.99933333 0.65636616
0.00000000 0.00000000 0.00000000 1.00000000
93	93	94
0.99944971 0.02596769 0.02063855 0.03177204
-0.02663289 0.99911234 0.03263761 -1.29955868
-0.01977271 -0.03316931 0.99925414 0.62137105
0.00000000 0.00000000 0.00000000 1.00000000
94	94	95
0.99942912 0.02645753 0.02101039 0.01898065
-0.02710156 0.99915239 0.03098382 -1.32053528
-0.02017283 -0.03153555 0.99929904 0.54489407
0.00000000 0.00000000 0.00000000 1.00000000
95	95	96
0.99938257 0.02720887 0.02222975 -0.02685326
-0.02786307 0.99917135 0.02966920 -1.39847033
-0.02140406 -0.03027027 0.99931255 0.32896134
0.00000000 0.00000000 0.00000000 1.00000000
96	96	97
0.99939811 0.02647099 0.02242087 -0.02659660
-0.02715747 0.99915385 0.03088791 -1.29424339
-0.02158426 -0.03147821 0.99927136 0.30672785
0.00000000 0.00000000 0.00000000 1.00000000
97	97	98
0.99940227 0.02616691 0.02259187 -0.02934810
-0.02689270 0.99911170 0.03244369 -1.25900101
-0.02172285 -0.03303185 0.99921820 0.29253207
0.00000000 0.00000000 0.00000000 1.00000000
98	98	99
0.99940740 0.02643856 0.02204207 -0.02248511
-0.02712265 0.99914081 0.03133708 -1.25309706
-0.02119462 -0.03191635 0.99926580 0.37495785
0.00000000 0.00000000 0.00000000 1.00000000
99	99	100
0.99944319 0.02527374 0.02178426 -0.01435498
-0.02591332 0.99922601 0.02959513 -1.01014999
-0.02101942 -0.03014315 0.99932456 0.40168574
0.00000000 0.00000000 0.00000000 1.00000000
100	100	101
0.99945786 0.02444882 0.02205093 -0.02881062
-0.02509800 0.99924490 0.02965998 -0.85642848
-0.02130913 -0.03019733 0.99931679 0.34066438
0.00000000 0.00000000 0.00000000 1.00000000
101	101	102
0.99950483 0.02193272 0.02256195 -0.03237643
-0.02264557 0.99923639 0.03184050 -0.47810588
-0.02184637 -0.03233566 0.99923828 0.25035378
0.00000000 0.00000000 0.00000000 1.00000000
102	102	103
0.99951589 0.02129385 0.02268383 -0.03232740
-0.02203002 0.99922195 0.03271353 -0.38303581
-0.02196959 -0.03319742 0.99920732 0.22891869
0.00000000 0.00000000 0.00000000 1.00000000
103	103	104
0.99958898 0.01843452 0.02195535 0.00246412
-0.01905059 0.99942104 0.02818958 0.15831800
-0.02142298 -0.02859626 0.99936145 0.30503145
0.00000000 0.00000000 0.00000000 1.00000000
104	104	105
0.99963504 0.01587019 0.02186169 0.03420101
-0.01614066 0.99979467 0.01225133 0.73179096
-0.02166277 -0.01259973 0.99968594 0.22260220
0.00000000 0.00000000 0.00000000 1.00000000
105	105	106
0.99965523 0.01509980 0.02148063 0.06023831
-0.01538140 0.99979711 0.01300559 0.86229771
-0.02127989 -0.01333151 0.99968467 0.27899366
0.00000000 0.00000000 0.00000000 1.00000000
106	106	107
0.99967643 0.01359815 0.02149714 0.08765838
-0.01388218 0.99981757 0.01311900 1.11013129
-0.02131482 -0.01341318 0.99968283 0.26912384
0.00000000 0.00000000 0.00000000 1.00000000
107	107	108
0.99967561 0.01416052 0.02116974 0.10716509
-0.01442675 0.99981809 0.01247644 1.04584484
-0.02098922 -0.01277781 0.99969804 0.31705893
0.00000000 0.00000000 0.00000000 1.00000000
108	108	109
0.99968487 0.01385016 0.02093647 0.12542157
-0.01410164 0.99982961 0.01191177 1.09379695
-0.02076792 -0.01220325 0.99970984 0.33800608
0.00000000 0.00000000 0.00000000 1.00000000
109	109	110
0.99968661 0.01312502 0.02131696 0.15061486
-0.01334470 0.99985897 0.01019593 1.18154541
-0.02118013 -0.01047720 0.99972078 0.24966903
0.00000000 0.00000000 0.00000000 1.00000000
110	110	111
0.99965970 0.01514519 0.02123934 0.14645421
-0.01536219 0.99983107 0.01009125 0.88866250
-0.02108292 -0.01041410 0.99972349 0.25466151
0.00000000 0.00000000 0.00000000 1.00000000
111	111	112
0.99963755 0.01676869 0.02106113 0.13249815
-0.01693356 0.99982716 0.00767456 0.57934353
-0.02092880 -0.00802842 0.99974873 0.26529203
0.00000000 0.00000000 0.00000000 1.00000000
112	112	113
0.99968089 0.01459458 0.02061820 0.12620751
-0.01474108 0.99986704 0.00697150 0.88839710
-0.02051372 -0.00727321 0.99976312 0.32476410
0.00000000 0.00000000 0.00000000 1.00000000
113	113	114
0.99968253 0.01395695 0.02097732 0.14399145
-0.01409992 0.99987825 0.00668341 0.98411810
-0.02088148 -0.00697707 0.99975761 0.27282972
0.00000000 0.00000000 0.00000000 1.00000000
114	114	115
0.99969206 0.01268820 0.02132598 0.16678070
-0.01280786 0.99990294 0.00548385 1.13888448
-0.02125433 -0.00575530 0.99975754 0.21361945
0.00000000 0.00000000 0.00000000 1.00000000
115	115	116
0.99966505 0.01366649 0.02197773 0.20454765
-0.01375989 0.99989691 0.00410374 0.94130710
-0.02191938 -0.00440478 0.99975004 0.11114951
0.00000000 0.00000000 0.00000000 1.00000000
116	116	117
0.99966994 0.01239605 0.02250231 0.24803350
-0.01245247 0.99991966 0.00236875 1.05153739
-0.02247114 -0.00264817 0.99974398 0.01905565
0.00000000 0.00000000 0.00000000 1.00000000
117	117	118
0.99964311 0.01452456 0.02242078 0.23995517
-0.01455808 0.99989314 0.00133275 0.68541334
-0.02239903 -0.00165868 0.99974773 0.02329756
0.00000000 0.00000000 0.00000000 1.00000000
118	118	119
0.99964928 0.01225643 0.02347534 0.31025476
-0.01223707 0.99992466 -0.00096813 0.89604883
-0.02348543 0.00068052 0.99972395 -0.14726743
0.00000000 0.00000000 0.00000000 1.00000000
119	119	120
0.99963584 0.01277354 0.02377032 0.32043275
-0.01276662 0.99991841 -0.00044285 0.86683207
-0.02377403 0.00013922 0.99971735 -0.19657842
0.00000000 0.00000000 0.00000000 1.00000000
120	120	121
0.99965042 0.01248195 0.02330740 0.28491397
-0.01243012 0.99991994 -0.00236703 0.79535015
-0.02333508 0.00207649 0.99972554 -0.13864948
0.00000000 0.00000000 0.00000000 1.00000000
121	121	122
0.99966317 0.01246925 0.02276110 0.24079950
-0.01235136 0.99990961 -0.00531276 0.60447852
-0.02282528 0.00502984 0.99972682 -0.07147379
0.00000000 0.00000000 0.00000000 1.00000000
122	122	123
0.99967104 0.01134625 0.02300152 0.26614534
-0.01120980 0.99991885 -0.00605246 0.74158087
-0.02306833 0.00579263 0.99971711 -0.11568417
0.00000000 0.00000000 0.00000000 1.00000000
123	123	124
0.99969492 0.00916431 0.02293667 0.26440085
-0.00905215 0.99994658 -0.00498917 1.16548380
-0.02298117 0.00478003 0.99972447 -0.09946464
0.00000000 0.00000000 0.00000000 1.00000000
124	124	125
0.99968399 0.00933457 0.02334080 0.28255354
-0.00922425 0.99994579 -0.00482946 1.18198247
-0.02338461 0.00461263 0.99971590 -0.17395502
0.00000000 0.00000000 0.00000000 1.00000000
125	125	126
0.99967298 0.00884780 0.02399286 0.33131140
-0.00875759 0.99995419 -0.00386250 1.34492007
-0.02402593 0.00365112 0.99970467 -0.28360074
0.00000000 0.00000000 0.00000000 1.00000000
126	126	127
0.99968437 0.00719918 0.02406948 0.34828319
-0.00712321 0.99996938 -0.00324052 1.66068658
-0.02409207 0.00306805 0.99970504 -0.30088485
0.00000000 0.00000000 0.00000000 1.00000000
127	127	128
0.99967641 0.00834718 0.02402911 0.34567985
-0.00827261 0.99996066 -0.00320113 1.51125779
-0.02405488 0.00300131 0.99970613 -0.29976648
0.00000000 0.00000000 0.00000000 1.00000000
128	128	129
0.99966518 0.00868932 0.02437269 0.38386399
-0.00860881 0.99995714 -0.00340612 1.44337467
-0.02440124 0.00319515 0.99969714 -0.36601256
0.00000000 0.00000000 0.00000000 1.00000000
129	129	130
0.99964873 0.00985980 0.02460084 0.40633016
-0.00980094 0.99994881 -0.00251185 1.37826192
-0.02462435 0.00226986 0.99969420 -0.40286610
0.00000000 0.00000000 0.00000000 1.00000000
130	130	131
0.99964509 0.01138795 0.02408332 0.32857493
-0.01128870 0.99992724 -0.00425287 0.96562088
-0.02413000 0.00397949 0.99970091 -0.34666328
0.00000000 0.00000000 0.00000000 1.00000000
131	131	132
0.99963919 0.01178764 0.02413597 0.31783858
-0.01168283 0.99992172 -0.00447908 0.87480371
-0.02418688 0.00419549 0.99969865 -0.35831830
0.00000000 0.00000000 0.00000000 1.00000000
132	132	133
0.99962179 0.01209505 0.02469789 0.36268938
-0.01199303 0.99991894 -0.00427448 0.85321970
-0.02474759 0.00397666 0.99968582 -0.44652009
0.00000000 0.00000000 0.00000000 1.00000000
133	133	134
0.99962528 0.01191886 0.02464239 0.35295153
-0.01177763 0.99991342 -0.00586808 0.72013071
-0.02471020 0.00557565 0.99967911 -0.44674086
0.00000000 0.00000000 0.00000000 1.00000000
134	134	135
0.99960973 0.01228045 0.02509126 0.40046507
-0.01210652 0.99990170 -0.00707202 0.52414051
-0.02517564 0.00676550 0.99966015 -0.52164582
0.00000000 0.00000000 0.00000000 1.00000000
135	135	136
0.99961583 0.01229057 0.02484229 0.37237607
-0.01215938 0.99991136 -0.00542483 0.65738059
-0.02490676 0.00512068 0.99967666 -0.47840871
0.00000000 0.00000000 0.00000000 1.00000000
136	136	137
0.99962616 0.01150122 0.02480456 0.37486761
-0.01135713 0.99991785 -0.00594223 0.67907360
-0.02487086 0.00565830 0.99967466 -0.48158212
0.00000000 0.00000000 0.00000000 1.00000000
137	137	138
0.99964928 0.01039423 0.02435722 0.32936590
-0.01028099 0.99993577 -0.00476975 0.92899789
-0.02440523 0.00451766 0.99969194 -0.41162994
0.00000000 0.00000000 0.00000000 1.00000000
138	138	139
0.99964661 0.01036056 0.02448097 0.34203905
-0.01027025 0.99993999 -0.00381198 1.00878157
-0.02451899 0.00355921 0.99969303 -0.42428287
0.00000000 0.00000000 0.00000000 1.00000000
139	139	140
0.99964580 0.00945548 0.02487691 0.38213038
-0.00937155 0.99995000 -0.00348798 1.14541499
-0.02490865 0.00325361 0.99968444 -0.48190833
0.00000000 0.00000000 0.00000000 1.00000000
140	140	141
0.99965328 0.00918118 0.02467826 0.36368482
-0.00906894 0.99994803 -0.00465642 1.03395584
-0.02471973 0.00443100 0.99968460 -0.45430152
0.00000000 0.00000000 0.00000000 1.00000000
141	141	142
0.99965522 0.00930396 0.02455370 0.35723720
-0.00918916 0.99994633 -0.00478404 0.97390114
-0.02459689 0.00455676 0.99968707 -0.43154516
0.00000000 0.00000000 0.00000000 1.00000000
142	142	143
0.99965856 0.00988597 0.02418735 0.32799657
-0.00976785 0.99993981 -0.00499664 0.82928279
-0.02423529 0.00475868 0.99969496 -0.36523294
0.00000000 0.00000000 0.00000000 1.00000000
143	143	144
0.99965180 0.01075984 0.02409362 0.35574736
-0.01056313 0.99990995 -0.00827687 0.34173678
-0.02418051 0.00801949 0.99967544 -0.35718762
0.00000000 0.00000000 0.00000000 1.00000000
144	144	145
0.99965866 0.01044306 0.02394784 0.39685614
-0.01026459 0.99991871 -0.00756324 0.41910489
-0.02402488 0.00731484 0.99968460 -0.30016753
0.00000000 0.00000000 0.00000000 1.00000000
145	145	146
0.99965315 0.01112278 0.02387166 0.42656466
-0.01092183 0.99990396 -0.00853190 0.19586536
-0.02396426 0.00826822 0.99967862 -0.27186121
0.00000000 0.00000000 0.00000000 1.00000000
146	146	147
0.99966684 0.01033187 0.02365295 0.45206587
-0.01013986 0.99991478 -0.00822346 0.32796187
-0.02373590 0.00798088 0.99968641 -0.22952078
0.00000000 0.00000000 0.00000000 1.00000000
147	147	148
0.99967325 0.01007384 0.02349273 0.47761227
-0.00989022 0.99991973 -0.00791925 0.37945110
-0.02357062 0.00768431 0.99969264 -0.18378940
0.00000000 0.00000000 0.00000000 1.00000000
148	148	149
0.99967196 0.01089391 0.02317947 0.47566224
-0.01063146 0.99987832 -0.01141558 -0.11298252
-0.02330101 0.01116540 0.99966614 -0.14116444
0.00000000 0.00000000 0.00000000 1.00000000
149	149	150
0.99968062 0.01006570 0.02318074 0.51838266
-0.00985600 0.99990963 -0.00914300 0.22928393
-0.02327068 0.00891161 0.99968948 -0.11874797
0.00000000 0.00000000 0.00000000 1.00000000
150	150	151
0.99970455 0.00883361 0.02264469 0.52758950
-0.00859416 0.99990636 -0.01064959 0.23945331
-0.02273664 0.01045183 0.99968685 -0.02758467
0.00000000 0.00000000 0.00000000 1.00000000
151	151	152
0.99973309 0.01003033 0.02081186 0.38124041
-0.00972302 0.99984298 -0.01481497 -0.36694737
-0.02095720 0.01460866 0.99967364 0.26016636
0.00000000 0.00000000 0.00000000 1.00000000
152	152	153
0.99971485 0.01020243 0.02159006 0.48702730
-0.00995692 0.99988489 -0.01144886 -0.06732107
-0.02170438 0.01123063 0.99970135 0.19497535
0.00000000 0.00000000 0.00000000 1.00000000
153	153	154
0.99969597 0.01011630 0.02248597 0.59217731
-0.01003847 0.99994324 -0.00357148 0.70202867
-0.02252082 0.00334467 0.99974078 0.13965896
0.00000000 0.00000000 0.00000000 1.00000000
154	154	155
0.99969969 0.00966541 0.02251897 0.61187901
-0.00975020 0.99994577 0.00365857 1.47855669
-0.02248239 -0.00387704 0.99973972 0.21427691
0.00000000 0.00000000 0.00000000 1.00000000
155	155	156
0.99969191 0.01002494 0.02270648 0.62848097
-0.01031068 0.99986868 0.01250225 2.27573831
-0.02257817 -0.01273252 0.99966400 0.24509242
0.00000000 0.00000000 0.00000000 1.00000000
156	156	157
0.99970898 0.00873339 0.02248742 0.58582866
-0.00868029 0.99995930 -0.00245818 1.01155323
-0.02250797 0.00226227 0.99974410 0.18859708
0.00000000 0.00000000 0.00000000 1.00000000
157	157	158
0.99970834 0.00654121 0.02324771 0.62651317
-0.00638852 0.99995757 -0.00663650 0.88595943
-0.02329013 0.00648605 0.99970771 0.07325749
0.00000000 0.00000000 0.00000000 1.00000000
158	158	159
0.99970109 0.00626855 0.02363110 0.65645597
-0.00604566 0.99993667 -0.00949190 0.67177132
-0.02368911 0.00934620 0.99967568 0.01700856
0.00000000 0.00000000 0.00000000 1.00000000
159	159	160
0.99968851 0.00624890 0.02416261 0.70299578
-0.00603125 0.99994068 -0.00907019 0.74127857
-0.02421786 0.00892164 0.99966689 -0.02663886
0.00000000 0.00000000 0.00000000 1.00000000
160	160	161
0.99968075 0.00656196 0.02439938 0.72961958
-0.00645825 0.99996978 -0.00432719 1.15595298
-0.02442704 0.00416824 0.99969293 -0.01085692
0.00000000 0.00000000 0.00000000 1.00000000
161	161	162
0.99968409 0.00526350 0.02457689 0.75834556
-0.00530512 0.99998460 0.00162870 1.84458928
-0.02456794 -0.00175856 0.99969662 0.02984461
0.00000000 0.00000000 0.00000000 1.00000000
162	162	163
0.99963443 0.00488116 0.02659294 0.94109820
-0.00543924 0.99976564 0.02095423 3.67500084
-0.02648443 -0.02109121 0.99942670 -0.04884264
0.00000000 0.00000000 0.00000000 1.00000000
163	163	164
0.99965008 0.00475824 0.02602068 0.89154860
-0.00536280 0.99971614 0.02321370 3.89924606
-0.02590283 -0.02334512 0.99939184 0.02440302
0.00000000 0.00000000 0.00000000 1.00000000
164	164	165
0.99967770 0.00571306 0.02473575 0.76260773
-0.00641570 0.99957547 0.02842044 4.28827089
-0.02456289 -0.02856997 0.99928996 0.17141417
0.00000000 0.00000000 0.00000000 1.00000000
165	165	166
0.99966843 0.00533276 0.02519094 0.80134550
-0.00592363 0.99970771 0.02343942 3.86397946
-0.02505858 -0.02358087 0.99940783 0.12702673
0.00000000 0.00000000 0.00000000 1.00000000
166	166	167
0.99965100 0.00700738 0.02547122 0.82598781
-0.00696198 0.99997402 -0.00187047 1.51008028
-0.02548366 0.00169249 0.99967381 0.03957875
0.00000000 0.00000000 0.00000000 1.00000000
167	167	168
0.99963062 0.00811193 0.02593873 0.86536756
-0.00795568 0.99994962 -0.00612144 1.07174700
-0.02598708 0.00591282 0.99964479 -0.00547043
0.00000000 0.00000000 0.00000000 1.00000000
168	168	169
0.99961930 0.00740181 0.02657957 0.94358511
-0.00738953 0.99997254 -0.00056028 1.60897906
-0.02658299 0.00036365 0.99964654 -0.01324811
0.00000000 0.00000000 0.00000000 1.00000000
169	169	170
0.99960389 0.00760131 0.02709780 0.98264064
-0.00758257 0.99997094 -0.00079451 1.57308423
-0.02710305 0.00058873 0.99963247 -0.01781571
0.00000000 0.00000000 0.00000000 1.00000000
170	170	171
0.99959339 0.00740434 0.02753612 1.00938292
-0.00747019 0.99996948 0.00228938 1.87453011
-0.02751832 -0.00249415 0.99961819 0.00116722
0.00000000 0.00000000 0.00000000 1.00000000
171	171	172
0.99958553 0.00735392 0.02783329 1.04680323
-0.00734770 0.99997295 -0.00032584 1.64963430
-0.02783493 0.00012120 0.99961253 0.01500718
0.00000000 0.00000000 0.00000000 1.00000000
172	172	173
0.99959391 0.00679296 0.02767444 1.02933946
-0.00673214 0.99997472 -0.00229024 1.51985098
-0.02768930 0.00210300 0.99961437 0.03536797
0.00000000 0.00000000 0.00000000 1.00000000
173	173	174
0.99960129 0.00674161 0.02741917 1.01479431
-0.00670776 0.99997662 -0.00132620 1.62881758
-0.02742747 0.00114175 0.99962314 0.05836452
0.00000000 0.00000000 0.00000000 1.00000000
174	174	175
0.99962834 0.00728512 0.02626976 0.92001660
-0.00715010 0.99996076 -0.00523028 1.28405651
-0.02630683 0.00504051 0.99964121 0.07933669
0.00000000 0.00000000 0.00000000 1.00000000
175	175	176
0.99965913 0.00664695 0.02524774 0.83399381
-0.00686197 0.99994084 0.00843937 2.55008567
-0.02519016 -0.00860974 0.99964560 0.15589060
0.00000000 0.00000000 0.00000000 1.00000000
176	176	177
0.99967127 0.00672405 0.02474156 0.80158824
-0.00697490 0.99992501 0.01006636 2.72748928
-0.02467202 -0.01023562 0.99964320 0.16952606
0.00000000 0.00000000 0.00000000 1.00000000
177	177	178
0.99968753 0.00661921 0.02410458 0.75123474
-0.00690153 0.99990834 0.01164802 2.87276818
-0.02402527 -0.01181074 0.99964158 0.17310283
0.00000000 0.00000000 0.00000000 1.00000000
178	178	179
0.99971189 0.00698741 0.02296351 0.66923569
-0.00723253 0.99991757 0.01060846 2.78061573
-0.02288749 -0.01077149 0.99968002 0.18581774
0.00000000 0.00000000 0.00000000 1.00000000
179	179	180
0.99973252 0.00690592 0.02207267 0.55867392
-0.00716480 0.99990622 0.01167118 2.86920611
-0.02199000 -0.01182620 0.99968824 0.19632121
0.00000000 0.00000000 0.00000000 1.00000000
180	180	181
0.99976745 0.00375500 0.02123532 0.44053348
-0.00404797 0.99989699 0.01377027 3.03584541
-0.02118142 -0.01385303 0.99967967 0.20364723
0.00000000 0.00000000 0.00000000 1.00000000
181	181	182
0.99981975 0.00323908 0.01870759 0.17798905
-0.00347812 0.99991255 0.01275935 2.91163352
-0.01866462 -0.01282212 0.99974358 0.20574075
0.00000000 0.00000000 0.00000000 1.00000000
182	182	183
0.99983662 0.00133269 0.01802654 0.08026193
-0.00157331 0.99990977 0.01334057 2.94685760
-0.01800713 -0.01336675 0.99974850 0.21371159
0.00000000 0.00000000 0.00000000 1.00000000
183	183	184
0.99982714 0.00131858 0.01854591 0.09471597
-0.00162231 0.99986466 0.01637172 3.20576373
-0.01852181 -0.01639898 0.99969396 0.22094753
0.00000000 0.00000000 0.00000000 1.00000000
184	184	185
0.99985704 0.00101375 0.01687790 -0.12370911
-0.00119976 0.99993862 0.01101440 2.71118571
-0.01686570 -0.01103308 0.99979689 0.23600989
0.00000000 0.00000000 0.00000000 1.00000000
185	185	186
0.99985489 0.00122083 0.01699167 -0.15040357
-0.00141786 0.99993184 0.01158897 2.73043382
-0.01697636 -0.01161138 0.99978847 0.22997680
0.00000000 0.00000000 0.00000000 1.00000000
186	186	187
0.99985239 -0.00025265 0.01717964 -0.15334184
0.00007832 0.99994851 0.01014716 2.60921306
-0.01718132 -0.01014431 0.99980093 0.23692320
0.00000000 0.00000000 0.00000000 1.00000000
187	187	188
0.99983507 0.00045707 0.01815542 -0.11039069
-0.00066497 0.99993426 0.01144663 2.68226601
-0.01814899 -0.01145682 0.99976965 0.23241723
0.00000000 0.00000000 0.00000000 1.00000000
188	188	189
0.99983833 0.00134549 0.01793046 -0.15319444
-0.00151051 0.99995660 0.00919316 2.52652456
-0.01791731 -0.00921876 0.99979697 0.22796311
0.00000000 0.00000000 0.00000000 1.00000000
189	189	190
0.99983763 -0.00130718 0.01797227 -0.17163558
0.00114711 0.99995961 0.00891445 2.53064152
-0.01798320 -0.00889238 0.99979874 0.22465797
0.00000000 0.00000000 0.00000000 1.00000000
190	190	191
0.99988072 0.00106382 0.01540841 -0.35818702
-0.00120616 0.99995667 0.00923089 2.55133636
-0.01539792 -0.00924837 0.99983867 0.23535197
0.00000000 0.00000000 0.00000000 1.00000000
191	191	192
0.99989540 0.00004896 0.01446322 -0.43715190
-0.00013372 0.99998282 0.00585979 2.36701686
-0.01446268 -0.00586111 0.99987823 0.24428964
0.00000000 0.00000000 0.00000000 1.00000000
192	192	193
0.99991901 -0.00062575 0.01271182 -0.56485791
0.00055194 0.99998297 0.00580931 2.37425364
-0.01271524 -0.00580183 0.99990233 0.23818978
0.00000000 0.00000000 0.00000000 1.00000000
193	193	194
0.99990313 -0.00152608 0.01383454 -0.54005449
0.00144560 0.99998199 0.00582557 2.38916093
-0.01384319 -0.00580501 0.99988733 0.24878485
0.00000000 0.00000000 0.00000000 1.00000000
194	194	195
0.99989340 -0.00138749 0.01453457 -0.52820209
0.00126528 0.99996380 0.00841370 2.52168522
-0.01454571 -0.00839441 0.99985897 0.24797374
0.00000000 0.00000000 0.00000000 1.00000000
195	195	196
0.99989252 -0.00481639 0.01384710 -0.61172058
0.00469277 0.99994897 0.00894618 2.54581697
-0.01388948 -0.00888024 0.99986410 0.23245665
0.00000000 0.00000000 0.00000000 1.00000000
196	196	197
0.99990948 -0.00411168 0.01281101 -0.71145370
0.00400951 0.99996003 0.00799092 2.49462704
-0.01284336 -0.00793883 0.99988601 0.23796770
0.00000000 0.00000000 0.00000000 1.00000000
197	197	198
0.99990186 -0.00430469 0.01333160 -0.73383907
0.00419483 0.99995711 0.00825774 2.49647750
-0.01336657 -0.00820101 0.99987703 0.24533589
0.00000000 0.00000000 0.00000000 1.00000000
198	198	199
0.99991175 -0.00372270 0.01275251 -0.78946268
0.00362245 0.99996243 0.00787468 2.47189836
-0.01278135 -0.00782779 0.99988768 0.24783821
0.00000000 0.00000000 0.00000000 1.00000000
199	199	200
0.99991778 -0.00348367 0.01234105 -0.83564233
0.00338719 0.99996361 0.00783040 2.46844411
-0.01236788 -0.00778795 0.99989319 0.25043704
0.00000000 0.00000000 0.00000000 1.00000000
200	200	201
0.99993020 -0.00140514 0.01173085 -0.88615389
0.00131426 0.99996909 0.00775134 2.47390209
-0.01174138 -0.00773538 0.99990115 0.25710601
0.00000000 0.00000000 0.00000000 1.00000000
201	201	202
0.99993098 -0.00156561 0.01164382 -0.92795397
0.00147690 0.99996986 0.00762278 2.46819474
-0.01165540 -0.00760505 0.99990315 0.25385534
0.00000000 0.00000000 0.00000000 1.00000000
202	202	203
0.99994133 0.00033331 0.01082707 -1.00043866
-0.00042769 0.99996192 0.00871590 2.49197115
-0.01082376 -0.00872002 0.99990340 0.25084136
0.00000000 0.00000000 0.00000000 1.00000000
203	203	204
0.99994529 0.00114700 0.01039683 -1.05193473
-0.00122961 0.99996770 0.00794268 2.46646906
-0.01038739 -0.00795503 0.99991441 0.24856218
0.00000000 0.00000000 0.00000000 1.00000000
204	204	205
0.99994520 -0.00095407 0.01042564 -1.07685693
0.00086601 0.99996394 0.00844841 2.49029754
-0.01043332 -0.00843892 0.99990996 0.24390300
0.00000000 0.00000000 0.00000000 1.00000000
205	205	206
0.99994720 -0.00323016 0.00975473 -1.13241146
0.00314762 0.99995922 0.00846436 2.49307750
-0.00978167 -0.00843321 0.99991660 0.24027185
0.00000000 0.00000000 0.00000000 1.00000000
206	206	207
0.99995068 -0.00363287 0.00924291 -1.16956982
0.00355887 0.99996159 0.00800951 2.49007632
-0.00927165 -0.00797622 0.99992521 0.23525909
0.00000000 0.00000000 0.00000000 1.00000000
207	207	208
0.99996090 -0.00264534 0.00843844 -1.22040119
0.00258837 0.99997383 0.00675585 2.45927865
-0.00845609 -0.00673374 0.99994157 0.23484778
0.00000000 0.00000000 0.00000000 1.00000000
208	208	209
0.99996501 -0.00247682 0.00798997 -1.26265587
0.00243457 0.99998303 0.00529322 2.41688828
-0.00800295 -0.00527358 0.99995407 0.24075108
0.00000000 0.00000000 0.00000000 1.00000000
209	209	210
0.99997182 -0.00058513 0.00748447 -1.30570057
0.00055513 0.99999181 0.00400936 2.39129063
