0	0	1
0.99951522 0.01917181 0.02453075 0.54644064
-0.02161821 0.99437393 0.10369736 -0.28854709
-0.02240468 -0.10417740 0.99430634 1.11988291
0.00000000 0.00000000 0.00000000 1.00000000
1	1	2
0.99955573 0.01639673 0.02488961 0.53087371
-0.01886239 0.99457461 0.10230126 -0.33996941
-0.02307717 -0.10272529 0.99444203 1.12923702
0.00000000 0.00000000 0.00000000 1.00000000
2	2	3
0.99953572 0.01441162 0.02684485 0.55677065
-0.01704444 0.99478284 0.10058122 -0.38915863
-0.02525526 -0.10099208 0.99456662 1.11243804
0.00000000 0.00000000 0.00000000 1.00000000
3	3	4
0.99952610 0.01450006 0.02715354 0.54951467
-0.01716986 0.99475624 0.10082272 -0.37911550
-0.02554922 -0.10124116 0.99453379 1.10614066
0.00000000 0.00000000 0.00000000 1.00000000
4	4	5
0.99954072 0.01369040 0.02703561 0.55295030
-0.01632410 0.99488055 0.09973071 -0.40107515
-0.02553185 -0.10012624 0.99464710 1.09948341
0.00000000 0.00000000 0.00000000 1.00000000
5	5	6
0.99949541 0.01478039 0.02811511 0.58179105
-0.01747655 0.99501271 0.09820529 -0.43403377
-0.02652338 -0.09864710 0.99476895 1.08160932
0.00000000 0.00000000 0.00000000 1.00000000
6	6	7
0.99945901 0.01669647 0.02833567 0.59051995
-0.01936777 0.99511726 0.09678085 -0.44714067
-0.02658141 -0.09727729 0.99490229 1.07596391
0.00000000 0.00000000 0.00000000 1.00000000
7	7	8
0.99946658 0.01508224 0.02896700 0.61881618
-0.01781376 0.99517534 0.09648170 -0.46197496
-0.02737208 -0.09694624 0.99491316 1.05948740
0.00000000 0.00000000 0.00000000 1.00000000
8	8	9
0.99954364 0.01191085 0.02776044 0.62494899
-0.01441692 0.99566402 0.09189836 -0.57072152
-0.02654548 -0.09225664 0.99538136 1.00029622
0.00000000 0.00000000 0.00000000 1.00000000
9	9	10
0.99951048 0.01270585 0.02858967 0.62613502
-0.01583714 0.99356938 0.11211185 -0.61736153
-0.02698135 -0.11250975 0.99328423 0.98269059
0.00000000 0.00000000 0.00000000 1.00000000
10	10	11
0.99951015 0.01264499 0.02862809 0.61221798
-0.01601469 0.99255750 0.12071927 -0.62954638
-0.02688853 -0.12111861 0.99227380 0.98491615
0.00000000 0.00000000 0.00000000 1.00000000
11	11	12
0.99949991 0.00997516 0.03000698 0.61751928
-0.01367314 0.99197706 0.12567638 -0.53864034
-0.02851259 -0.12602383 0.99161738 0.92529285
0.00000000 0.00000000 0.00000000 1.00000000
12	12	13
0.99951447 0.00700952 0.03035942 0.63560506
-0.01141344 0.98900895 0.14741450 -0.42604255
-0.02899244 -0.14768943 0.98860876 0.90663649
0.00000000 0.00000000 0.00000000 1.00000000
13	13	14
0.99952849 0.00416727 0.03042086 0.65139504
-0.00878862 0.98812438 0.15340458 -0.30623153
-0.02942032 -0.15359961 0.98769510 0.87626716
0.00000000 0.00000000 0.00000000 1.00000000
14	14	15
0.99953769 0.00548547 0.02990516 0.65829860
-0.01013692 0.98743700 0.15768770 -0.33279103
-0.02866447 -0.15791795 0.98703610 0.89051498
0.00000000 0.00000000 0.00000000 1.00000000
15	15	16
0.99958688 0.00738224 0.02777715 0.65501257
-0.01147973 0.98856129 0.15038218 -0.43211085
-0.02634926 -0.15063893 0.98823764 0.99500772
0.00000000 0.00000000 0.00000000 1.00000000
16	16	17
0.99951366 0.00742665 0.03028671 0.68359545
-0.01152541 0.99043580 0.13749213 -0.48661703
-0.02897594 -0.13777433 0.99003971 0.80384235
0.00000000 0.00000000 0.00000000 1.00000000
17	17	18
0.99940594 0.01009611 0.03295196 0.69194914
-0.01496897 0.98839548 0.15116320 -0.62182173
-0.03104341 -0.15156666 0.98795944 0.67952124
0.00000000 0.00000000 0.00000000 1.00000000
18	18	19
0.99954438 0.00828956 0.02902257 0.69583283
-0.01225784 0.99016779 0.13934663 -0.51088503
-0.02758209 -0.13963890 0.98981827 0.85113283
0.00000000 0.00000000 0.00000000 1.00000000
19	19	20
0.99955286 0.00920290 0.02844987 0.69364299
-0.01292155 0.99097462 0.13342541 -0.57068110
-0.02696520 -0.13373337 0.99065042 0.86597091
0.00000000 0.00000000 0.00000000 1.00000000
20	20	21
0.99957462 0.00856284 0.02787923 0.69921626
-0.01210725 0.99149751 0.12956122 -0.53914866
-0.02653278 -0.12984365 0.99117942 0.87053446
0.00000000 0.00000000 0.00000000 1.00000000
21	21	22
0.99958965 0.00851968 0.02734860 0.69546163
-0.01202592 0.99134629 0.13072074 -0.50759443
-0.02599823 -0.13099599 0.99104195 0.89509183
0.00000000 0.00000000 0.00000000 1.00000000
22	22	23
0.99958885 0.00818915 0.02747834 0.69325650
-0.01168154 0.99151720 0.12944954 -0.45600090
-0.02618517 -0.12971731 0.99120520 0.85918108
0.00000000 0.00000000 0.00000000 1.00000000
23	23	24
0.99958165 0.00827675 0.02771311 0.68574138
-0.01195466 0.99073239 0.13530118 -0.41222175
-0.02633642 -0.13557588 0.99041687 0.82874488
0.00000000 0.00000000 0.00000000 1.00000000
24	24	25
0.99955285 0.00930881 0.02841556 0.68281818
-0.01325564 0.98977230 0.14203900 -0.46770203
-0.02680272 -0.14235216 0.98945312 0.78398232
0.00000000 0.00000000 0.00000000 1.00000000
25	25	26
0.99950466 0.00942853 0.03002574 0.66790654
-0.01301678 0.99248774 0.12164972 -0.58319833
-0.02865320 -0.12198030 0.99211884 0.58881248
0.00000000 0.00000000 0.00000000 1.00000000
26	26	27
0.99947843 0.01190363 0.03001959 0.64221642
-0.01571026 0.99139697 0.12994322 -0.76429565
-0.02821453 -0.13034706 0.99106689 0.63938892
0.00000000 0.00000000 0.00000000 1.00000000
27	27	28
0.99949773 0.01076617 0.02980562 0.62146916
-0.01444738 0.99190098 0.12618924 -0.69506641
-0.02820565 -0.12655647 0.99155832 0.64167981
0.00000000 0.00000000 0.00000000 1.00000000
28	28	29
0.99942483 0.01435295 0.03072462 0.59558033
-0.01841415 0.99050004 0.13627396 -0.98524815
-0.02847680 -0.13676135 0.99019463 0.63164473
0.00000000 0.00000000 0.00000000 1.00000000
29	29	30
0.99939081 0.01700782 0.03047538 0.56790012
-0.02089552 0.99100685 0.13216960 -1.24672487
-0.02795339 -0.13272588 0.99075852 0.68277240
0.00000000 0.00000000 0.00000000 1.00000000
30	30	31
0.99936079 0.01802550 0.03087227 0.55610907
-0.02183774 0.99153715 0.12797339 -1.35838254
-0.02830421 -0.12856576 0.99129699 0.64253014
0.00000000 0.00000000 0.00000000 1.00000000
31	31	32
0.99942851 0.01683664 0.02931190 0.54153512
-0.01998181 0.99367009 0.11054624 -1.32432904
-0.02726513 -0.11106877 0.99343864 0.71167637
0.00000000 0.00000000 0.00000000 1.00000000
32	32	33
0.99936196 0.01924043 0.03009108 0.51885692
-0.02270855 0.99257183 0.11952192 -1.42298659
-0.02756791 -0.12012899 0.99237545 0.67838933
0.00000000 0.00000000 0.00000000 1.00000000
33	33	34
0.99939616 0.01808946 0.02966635 0.48910224
-0.02148350 0.99273345 0.11840079 -1.32092024
-0.02730898 -0.11896663 0.99252262 0.68683041
0.00000000 0.00000000 0.00000000 1.00000000
34	34	35
0.99937991 0.01989419 0.02905180 0.43114242
-0.02318057 0.99279516 0.11756037 -1.46159306
-0.02650371 -0.11816091 0.99264070 0.71963243
0.00000000 0.00000000 0.00000000 1.00000000
35	35	36
0.99928531 0.02119485 0.03129948 0.36230844
-0.02477996 0.99258531 0.11899730 -1.61820258
-0.02854527 -0.11968786 0.99240112 0.53792144
0.00000000 0.00000000 0.00000000 1.00000000
36	36	37
0.99933963 0.02128482 0.02944943 0.35187868
-0.02454795 0.99302814 0.11529315 -1.56688217
-0.02679012 -0.11593993 0.99289487 0.67773544
0.00000000 0.00000000 0.00000000 1.00000000
37	37	38
0.99920537 0.02423227 0.03164520 0.27037525
-0.02777513 0.99276741 0.11679649 -1.86724171
-0.02858608 -0.11758263 0.99265158 0.54867024
0.00000000 0.00000000 0.00000000 1.00000000
38	38	39
0.99905021 0.02237165 0.03739238 0.09028736
-0.02650451 0.99313137 0.11396309 -1.73425141
-0.03458601 -0.11484592 0.99278106 0.04254128
0.00000000 0.00000000 0.00000000 1.00000000
39	39	40
0.99903906 0.02409683 0.03661008 0.06574347
-0.02823882 0.99270710 0.11719717 -1.93130155
-0.03351900 -0.11811838 0.99243364 0.13893074
0.00000000 0.00000000 0.00000000 1.00000000
40	40	41
0.99902104 0.02584500 0.03590270 0.05760948
-0.03004223 0.99210346 0.12177108 -2.22057895
-0.03247202 -0.12273047 0.99190866 0.21666726
0.00000000 0.00000000 0.00000000 1.00000000
41	41	42
0.99911018 0.02514076 0.03386416 0.10804677
-0.02918246 0.99176563 0.12469692 -2.29573522
-0.03045033 -0.12557420 0.99161681 0.39528501
0.00000000 0.00000000 0.00000000 1.00000000
42	42	43
0.99918713 0.02344619 0.03279257 0.13034448
-0.02726578 0.99223481 0.12135341 -2.02072161
-0.02969266 -0.12214888 0.99206754 0.40800002
0.00000000 0.00000000 0.00000000 1.00000000
43	43	44
0.99920177 0.02538883 0.03084205 0.17422666
-0.02887651 0.99253664 0.11847854 -2.04864261
-0.02760383 -0.11927458 0.99247751 0.56390056
0.00000000 0.00000000 0.00000000 1.00000000
44	44	45
0.99928240 0.02362485 0.02960658 0.20285839
-0.02707043 0.99216386 0.12197568 -2.02381831
-0.02649292 -0.12268961 0.99209142 0.67700574
0.00000000 0.00000000 0.00000000 1.00000000
45	45	46
0.99925679 0.02477656 0.02952952 0.19634245
-0.02822625 0.99203016 0.12279835 -2.15459293
-0.02625165 -0.12354059 0.99199222 0.69603624
0.00000000 0.00000000 0.00000000 1.00000000
46	46	47
0.99914334 0.02623095 0.03200804 0.04312059
-0.02997147 0.99200170 0.12261462 -2.29475120
-0.02853573 -0.12346891 0.99193807 0.53772222
0.00000000 0.00000000 0.00000000 1.00000000
47	47	48
0.99923234 0.02209651 0.03234942 0.01468181
-0.02601917 0.99164459 0.12634877 -2.18526926
-0.02928726 -0.12709348 0.99145827 0.51112082
0.00000000 0.00000000 0.00000000 1.00000000
48	48	49
0.99919057 0.01957828 0.03514096 -0.20658718
-0.02388527 0.99165853 0.12666040 -2.02510953
-0.03236804 -0.12739723 0.99132349 0.26314529
0.00000000 0.00000000 0.00000000 1.00000000
49	49	50
0.99930156 0.01521732 0.03412963 -0.17913259
-0.01944252 0.99169910 0.12710184 -1.71432973
-0.03191218 -0.12767664 0.99130232 0.30586862
0.00000000 0.00000000 0.00000000 1.00000000
50	50	51
0.99934832 0.01582873 0.03244051 -0.12470103
-0.01981002 0.99178997 0.12633379 -1.79920680
-0.03017447 -0.12689410 0.99145720 0.41255782
0.00000000 0.00000000 0.00000000 1.00000000
51	51	52
0.99936194 0.01177227 0.03372128 -0.24899161
-0.01587097 0.99215731 0.12398382 -1.31432295
-0.03199724 -0.12443990 0.99171109 0.28174106
0.00000000 0.00000000 0.00000000 1.00000000
52	52	53
0.99940065 0.00656976 0.03398785 -0.28829799
-0.01090669 0.99157970 0.12903774 -1.35649043
-0.03285392 -0.12933110 0.99105706 0.26630075
0.00000000 0.00000000 0.00000000 1.00000000
53	53	54
0.99938537 0.00972149 0.03368050 -0.29643199
-0.01379253 0.99233135 0.12283428 -1.11980034
-0.03222808 -0.12322332 0.99185552 0.27987498
0.00000000 0.00000000 0.00000000 1.00000000
54	54	55
0.99937095 0.00889443 0.03433063 -0.36745953
-0.01299650 0.99254542 0.12118036 -0.96451628
-0.03299688 -0.12155031 0.99203666 0.20373583
0.00000000 0.00000000 0.00000000 1.00000000
55	55	56
0.99931039 0.00800666 0.03625795 -0.52499288
-0.01231781 0.99266259 0.12028818 -0.86771485
-0.03502880 -0.12065185 0.99207667 0.04056056
0.00000000 0.00000000 0.00000000 1.00000000
56	56	57
0.99930761 0.00945848 0.03598392 -0.50090398
-0.01371082 0.99269995 0.11982834 -0.95413469
-0.03458784 -0.12023874 0.99214229 0.06655691
0.00000000 0.00000000 0.00000000 1.00000000
57	57	58
0.99930424 0.01175190 0.03539666 -0.44727822
-0.01581438 0.99303279 0.11677234 -0.89850659
-0.03377774 -0.11725087 0.99252773 0.10317139
0.00000000 0.00000000 0.00000000 1.00000000
58	58	59
0.99935211 0.00994065 0.03459123 -0.35963431
-0.01388441 0.99318619 0.11570832 -0.65429840
-0.03320532 -0.11611363 0.99268073 0.12548485
0.00000000 0.00000000 0.00000000 1.00000000
59	59	60
0.99928733 0.01183779 0.03584256 -0.46270948
-0.01592322 0.99312910 0.11593548 -0.86932424
-0.03422387 -0.11642359 0.99260983 0.04576005
0.00000000 0.00000000 0.00000000 1.00000000
60	60	61
0.99930325 0.01068843 0.03575992 -0.41862625
-0.01477763 0.99312545 0.11611832 -0.81271764
-0.03427297 -0.11656586 0.99259144 0.04749113
0.00000000 0.00000000 0.00000000 1.00000000
61	61	62
0.99933921 0.01073414 0.03472625 -0.29833049
-0.01471956 0.99306634 0.11663008 -0.86828181
-0.03323355 -0.11706417 0.99256814 0.14490480
0.00000000 0.00000000 0.00000000 1.00000000
62	62	63
0.99935797 0.01353745 0.03317193 -0.11823052
-0.01721667 0.99341535 0.11326749 -0.77677282
-0.03142015 -0.11376588 0.99301062 0.25180362
0.00000000 0.00000000 0.00000000 1.00000000
63	63	64
0.99936009 0.01366309 0.03305660 -0.06879582
-0.01735864 0.99330303 0.11422684 -0.89197258
-0.03127453 -0.11472756 0.99290457 0.28420750
0.00000000 0.00000000 0.00000000 1.00000000
64	64	65
0.99935928 0.01350281 0.03314684 -0.02586783
-0.01727581 0.99306160 0.11631938 -1.09573141
-0.03134621 -0.11681749 0.99265860 0.30915479
0.00000000 0.00000000 0.00000000 1.00000000
65	65	66
0.99937732 0.01380809 0.03247012 0.08761171
-0.01740138 0.99342831 0.11312557 -0.76174679
-0.03069469 -0.11362015 0.99305000 0.33410530
0.00000000 0.00000000 0.00000000 1.00000000
66	66	67
0.99937068 0.01416374 0.03252116 0.11713821
-0.01778620 0.99332728 0.11394984 -0.87216390
-0.03069020 -0.11445656 0.99295408 0.33481177
0.00000000 0.00000000 0.00000000 1.00000000
67	67	68
0.99935058 0.01404894 0.03318203 0.04710368
-0.01786444 0.99289495 0.11764554 -1.22258680
-0.03129347 -0.11816192 0.99250112 0.30635493
0.00000000 0.00000000 0.00000000 1.00000000
68	68	69
0.99936346 0.01477381 0.03247161 0.11741328
-0.01844935 0.99308030 0.11597906 -1.10041893
-0.03053346 -0.11650431 0.99272073 0.37619628
0.00000000 0.00000000 0.00000000 1.00000000
69	69	70
0.99934250 0.01387920 0.03349522 -0.03793787
-0.01776555 0.99277456 0.11867206 -1.26800224
-0.03160613 -0.11918909 0.99236839 0.27141827
0.00000000 0.00000000 0.00000000 1.00000000
70	70	71
0.99935033 0.01474877 0.03288458 0.01155698
-0.01863360 0.99245943 0.12114895 -1.60813855
-0.03084981 -0.12168300 0.99208948 0.40190279
0.00000000 0.00000000 0.00000000 1.00000000
71	71	72
0.99940857 0.01194492 0.03224625 0.05994141
-0.01568584 0.99284522 0.11837365 -0.94371066
-0.03060157 -0.11880945 0.99244539 0.37719619
0.00000000 0.00000000 0.00000000 1.00000000
72	72	73
0.99939793 0.01116598 0.03284955 -0.03021122
-0.01497487 0.99288975 0.11809188 -0.83247587
-0.03129737 -0.11851270 0.99245918 0.27663378
0.00000000 0.00000000 0.00000000 1.00000000
73	73	74
0.99945342 0.00756796 0.03218040 0.04210668
-0.01129717 0.99302848 0.11733207 -0.25765186
-0.03106809 -0.11763148 0.99257121 0.27964244
0.00000000 0.00000000 0.00000000 1.00000000
74	74	75
0.99937503 0.01190430 0.03328408 -0.05598362
-0.01582444 0.99263376 0.12011583 -1.14566199
-0.03160901 -0.12056747 0.99220177 0.22736080
0.00000000 0.00000000 0.00000000 1.00000000
75	75	76
0.99940405 0.01385534 0.03161603 0.12834147
-0.01742925 0.99312849 0.11572393 -0.98441889
-0.02979539 -0.11620601 0.99277812 0.42635683
0.00000000 0.00000000 0.00000000 1.00000000
76	76	77
0.99943740 0.01372422 0.03060286 0.24725894
-0.01699846 0.99384834 0.10943734 -0.38876078
-0.02891266 -0.10989597 0.99352249 0.48918757
0.00000000 0.00000000 0.00000000 1.00000000
77	77	78
0.99939481 0.01481401 0.03147322 0.21393860
-0.01821231 0.99369923 0.11059005 -0.65306423
-0.02963663 -0.11109632 0.99336765 0.37350501
0.00000000 0.00000000 0.00000000 1.00000000
78	78	79
0.99928179 0.01775552 0.03347619 0.09304679
-0.02143940 0.99335097 0.11311142 -1.29236722
-0.03124526 -0.11374789 0.99301820 0.14382535
0.00000000 0.00000000 0.00000000 1.00000000
79	79	80
0.99923010 0.01810074 0.03480751 0.01327177
-0.02197640 0.99319169 0.11439972 -1.44493406
-0.03249981 -0.11507659 0.99282483 -0.06343259
0.00000000 0.00000000 0.00000000 1.00000000
80	80	81
0.99927670 0.01421785 0.03526927 0.02154309
-0.01815614 0.99331651 0.11398539 -0.76544347
-0.03341292 -0.11454330 0.99285619 -0.24527840
0.00000000 0.00000000 0.00000000 1.00000000
81	81	82
0.99920805 0.01690423 0.03602124 -0.03818312
-0.02095505 0.99311835 0.11522512 -1.29443501
-0.03382556 -0.11588869 0.99268607 -0.33130538
0.00000000 0.00000000 0.00000000 1.00000000
82	82	83
0.99921481 0.01604958 0.03622394 -0.01693262
-0.02019691 0.99290317 0.11719800 -1.28863265
-0.03408588 -0.11783759 0.99244771 -0.37140925
0.00000000 0.00000000 0.00000000 1.00000000
83	83	84
0.99927201 0.01426786 0.03538192 0.07677036
-0.01832259 0.99295551 0.11706258 -0.98850444
-0.03346244 -0.11762565 0.99249407 -0.27957163
0.00000000 0.00000000 0.00000000 1.00000000
84	84	85
0.99930450 0.01374689 0.03466333 0.15435398
-0.01784556 0.99250980 0.12085461 -1.10653768
-0.03274231 -0.12138915 0.99206482 -0.14902105
0.00000000 0.00000000 0.00000000 1.00000000
85	85	86
0.99928449 0.01331204 0.03540185 0.12463840
-0.01761091 0.99212126 0.12403730 -1.22241351
-0.03347174 -0.12457201 0.99164583 -0.26083470
0.00000000 0.00000000 0.00000000 1.00000000
86	86	87
0.99932753 0.01123858 0.03490242 0.17711760
-0.01546702 0.99224266 0.12335023 -0.70572293
-0.03324539 -0.12380712 0.99174923 -0.27803924
0.00000000 0.00000000 0.00000000 1.00000000
87	87	88
0.99928462 0.01504112 0.03469888 0.16557320
-0.01920132 0.99223786 0.12286307 -1.40601016
-0.03258155 -0.12344144 0.99181684 -0.16905619
0.00000000 0.00000000 0.00000000 1.00000000
88	88	89
0.99929723 0.01514648 0.03428739 0.18850242
-0.01903030 0.99307362 0.11594234 -1.07981812
-0.03229379 -0.11651335 0.99266397 -0.16163155
0.00000000 0.00000000 0.00000000 1.00000000
89	89	90
0.99931645 0.01470971 0.03391540 0.21462871
-0.01851433 0.99322231 0.11474611 -0.91445039
-0.03199765 -0.11529559 0.99281573 -0.10465896
0.00000000 0.00000000 0.00000000 1.00000000
90	90	91
0.99936881 0.01343542 0.03288580 0.28125606
-0.01707971 0.99342843 0.11317351 -0.58202985
-0.03114915 -0.11366376 0.99303086 0.04825636
0.00000000 0.00000000 0.00000000 1.00000000
91	91	92
0.99940623 0.01271408 0.03202420 0.31109316
-0.01636449 0.99306294 0.11643966 -0.58119006
-0.03032162 -0.11689458 0.99268135 0.24639536
0.00000000 0.00000000 0.00000000 1.00000000
92	92	93
0.99943376 0.01066186 0.03191367 0.32705043
-0.01441694 0.99268724 0.11985076 -0.32381135
-0.03040247 -0.12024299 0.99227885 0.26288033
0.00000000 0.00000000 0.00000000 1.00000000
93	93	94
0.99944780 0.00821087 0.03219738 0.33578420
-0.01209085 0.99242817 0.12222990 0.04116574
-0.03094998 -0.12255169 0.99197943 0.18868469
0.00000000 0.00000000 0.00000000 1.00000000
94	94	95
0.99942338 0.00875050 0.03280752 0.31994462
-0.01261022 0.99277173 0.11935361 0.05178623
-0.03152598 -0.11969850 0.99230962 0.06802654
0.00000000 0.00000000 0.00000000 1.00000000
95	95	96
0.99937415 0.00912509 0.03417664 0.26927706
-0.01306408 0.99306163 0.11686715 0.05372126
-0.03287309 -0.11724049 0.99255933 -0.17982776
0.00000000 0.00000000 0.00000000 1.00000000
96	96	97
0.99937214 0.00817593 0.03447431 0.27137285
-0.01216375 0.99304530 0.11710287 0.20803536
-0.03327712 -0.11744868 0.99252125 -0.24819926
0.00000000 0.00000000 0.00000000 1.00000000
97	97	98
0.99936167 0.00726705 0.03497777 0.25836237
-0.01143479 0.99265087 0.12047199 0.27877897
-0.03384524 -0.12079506 0.99210032 -0.32527424
0.00000000 0.00000000 0.00000000 1.00000000
98	98	99
0.99938128 0.00631791 0.03459978 0.26093323
-0.01043008 0.99272001 0.11999252 0.48258980
-0.03358979 -0.12027915 0.99217168 -0.28149195
0.00000000 0.00000000 0.00000000 1.00000000
99	99	100
0.99941268 0.00584065 0.03376666 0.27623999
-0.00977195 0.99302937 0.11746143 0.65172779
-0.03284524 -0.11772241 0.99250321 -0.16399131
0.00000000 0.00000000 0.00000000 1.00000000
100	100	101
0.99940991 0.00499054 0.03398426 0.25682223
-0.00891719 0.99316326 0.11639251 0.83645406
-0.03317106 -0.11662688 0.99262171 -0.23677672
0.00000000 0.00000000 0.00000000 1.00000000
101	101	102
0.99942661 0.00223759 0.03378514 0.26293153
-0.00624629 0.99287236 0.11901870 1.21681054
-0.03327802 -0.11916149 0.99231704 -0.26574588
0.00000000 0.00000000 0.00000000 1.00000000
102	102	103
0.99942806 0.00177356 0.03376992 0.25846150
-0.00586374 0.99258521 0.12140933 1.27179640
-0.03330420 -0.12153791 0.99202791 -0.25730750
0.00000000 0.00000000 0.00000000 1.00000000
103	103	104
0.99946096 0.00029929 0.03282840 0.28436408
-0.00414015 0.99312414 0.11699274 1.60178299
-0.03256766 -0.11706559 0.99259004 -0.15029939
0.00000000 0.00000000 0.00000000 1.00000000
104	104	105
0.99939541 -0.00166742 0.03472807 0.28061582
-0.00191445 0.99469479 0.10285234 2.02659833
-0.03471533 -0.10285664 0.99409022 -0.54223721
0.00000000 0.00000000 0.00000000 1.00000000
105	105	106
0.99945978 -0.00377788 0.03264774 0.32822786
0.00035154 0.99454339 0.10432319 2.38039217
-0.03286372 -0.10425536 0.99400744 -0.25445125
0.00000000 0.00000000 0.00000000 1.00000000
106	106	107
0.99944412 -0.00499460 0.03296227 0.35426858
0.00154852 0.99460173 0.10375452 2.57177353
-0.03330255 -0.10364581 0.99405658 -0.33770775
0.00000000 0.00000000 0.00000000 1.00000000
107	107	108
0.99946136 -0.00455494 0.03249995 0.37571720
0.00119490 0.99471525 0.10266516 2.53946764
-0.03279583 -0.10257103 0.99418490 -0.26824304
0.00000000 0.00000000 0.00000000 1.00000000
108	108	109
0.99945692 -0.00686777 0.03222894 0.39611923
0.00355082 0.99479153 0.10186852 2.86374277
-0.03276069 -0.10169876 0.99427567 -0.26879021
0.00000000 0.00000000 0.00000000 1.00000000
109	109	110
0.99945082 -0.00874784 0.03196141 0.40180127
0.00558583 0.99519887 0.09771391 3.08361480
-0.03266275 -0.09748171 0.99470119 -0.29229388
0.00000000 0.00000000 0.00000000 1.00000000
110	110	111
0.99947786 -0.00584307 0.03177823 0.40399029
0.00267670 0.99510533 0.09878369 2.68449353
-0.03219989 -0.09864705 0.99460139 -0.23292107
0.00000000 0.00000000 0.00000000 1.00000000
111	111	112
0.99948655 -0.00306472 0.03189413 0.40280148
0.00005248 0.99557031 0.09402001 2.13253242
-0.03204099 -0.09397007 0.99505930 -0.21320825
0.00000000 0.00000000 0.00000000 1.00000000
112	112	113
0.99951229 -0.00548358 0.03074265 0.37383903
0.00255563 0.99552322 0.09448270 2.52273449
-0.03112313 -0.09435806 0.99505171 -0.06959367
0.00000000 0.00000000 0.00000000 1.00000000
113	113	114
0.99948927 -0.00709794 0.03115792 0.39259292
0.00414569 0.99558126 0.09381240 2.75512787
-0.03168612 -0.09363532 0.99510221 -0.15718533
0.00000000 0.00000000 0.00000000 1.00000000
114	114	115
0.99948202 -0.00488433 0.03180931 0.41327305
0.00193628 0.99575176 0.09205806 2.36312261
-0.03212382 -0.09194878 0.99524544 -0.22070739
0.00000000 0.00000000 0.00000000 1.00000000
115	115	116
0.99947825 -0.00381555 0.03207295 0.43509447
0.00089130 0.99587796 0.09069890 2.14590530
-0.03228681 -0.09062299 0.99536176 -0.23636350
0.00000000 0.00000000 0.00000000 1.00000000
116	116	117
0.99941066 -0.00693712 0.03361861 0.52098395
0.00391747 0.99601787 0.08906774 2.51864054
-0.03410261 -0.08888355 0.99545805 -0.52630986
0.00000000 0.00000000 0.00000000 1.00000000
117	117	118
0.99940664 -0.00458325 0.03413729 0.55180008
0.00156786 0.99613341 0.08783942 2.10305258
-0.03440788 -0.08773378 0.99554954 -0.58102081
0.00000000 0.00000000 0.00000000 1.00000000
118	118	119
0.99933241 -0.00661841 0.03592954 0.65277148
0.00358068 0.99646255 0.08396174 2.16465749
-0.03635813 -0.08377704 0.99582101 -0.87085941
0.00000000 0.00000000 0.00000000 1.00000000
119	119	120
0.99928695 -0.00603055 0.03727237 0.72609000
0.00285840 0.99641247 0.08458146 2.11037435
-0.03764872 -0.08441461 0.99571921 -1.08069170
0.00000000 0.00000000 0.00000000 1.00000000
120	120	121
0.99928350 -0.00569776 0.03741690 0.72176420
0.00258165 0.99656228 0.08280675 1.95791393
-0.03776008 -0.08265082 0.99586295 -1.11240709
0.00000000 0.00000000 0.00000000 1.00000000
121	121	122
0.99929316 -0.00641385 0.03704119 0.68910986
0.00344310 0.99681175 0.07971494 1.86755535
-0.03743438 -0.07953106 0.99612925 -1.05901221
0.00000000 0.00000000 0.00000000 1.00000000
122	122	123
0.99927401 -0.00796580 0.03725575 0.70702692
0.00503419 0.99693044 0.07813036 2.01005584
-0.03776376 -0.07788608 0.99624678 -1.10255626
0.00000000 0.00000000 0.00000000 1.00000000
123	123	124
0.99925623 -0.01103739 0.03694804 0.67941269
0.00808382 0.99682963 0.07915395 2.55355292
-0.03770456 -0.07879640 0.99617744 -1.09450822
0.00000000 0.00000000 0.00000000 1.00000000
124	124	125
0.99921875 -0.01275738 0.03740516 0.70572665
0.00977864 0.99684542 0.07876281 2.79662359
-0.03829197 -0.07833550 0.99619138 -1.19417283
0.00000000 0.00000000 0.00000000 1.00000000
125	125	126
0.99919365 -0.01347508 0.03782163 0.73161043
0.01041764 0.99674828 0.07990210 3.00052865
-0.03877533 -0.07944366 0.99608493 -1.29260520
0.00000000 0.00000000 0.00000000 1.00000000
126	126	127
0.99917816 -0.01522030 0.03756779 0.71457089
0.01218731 0.99674584 0.07968190 3.25308745
-0.03865832 -0.07915857 0.99611217 -1.29222006
0.00000000 0.00000000 0.00000000 1.00000000
127	127	128
0.99922140 -0.01603159 0.03604970 0.58679702
0.01308203 0.99665936 0.08061620 3.49187036
-0.03722167 -0.08008183 0.99609309 -1.08202456
0.00000000 0.00000000 0.00000000 1.00000000
128	128	129
0.99921241 -0.01583660 0.03638353 0.62280386
0.01279428 0.99651886 0.08237996 3.62076206
-0.03756150 -0.08184958 0.99593663 -1.15739119
0.00000000 0.00000000 0.00000000 1.00000000
129	129	130
0.99922897 -0.01393419 0.03670563 0.65768132
0.01082465 0.99644126 0.08359213 3.47724250
-0.03773980 -0.08313035 0.99582381 -1.20781209
0.00000000 0.00000000 0.00000000 1.00000000
130	130	131
0.99924163 -0.01297522 0.03671244 0.64297911
0.00993129 0.99659001 0.08191285 3.15345400
-0.03765009 -0.08148613 0.99596309 -1.19535574
0.00000000 0.00000000 0.00000000 1.00000000
131	131	132
0.99924152 -0.01320852 0.03663229 0.61623401
0.01017714 0.99660198 0.08173693 3.15779726
-0.03758744 -0.08130212 0.99598050 -1.18893007
0.00000000 0.00000000 0.00000000 1.00000000
132	132	133
0.99923488 -0.01330821 0.03677686 0.61791469
0.01028666 0.99664799 0.08116020 3.11212988
-0.03773368 -0.08071979 0.99602233 -1.20604854
0.00000000 0.00000000 0.00000000 1.00000000
133	133	134
0.99923467 -0.01284227 0.03694785 0.62667384
0.00984799 0.99673733 0.08011061 2.94831462
-0.03785611 -0.07968544 0.99610097 -1.21967200
0.00000000 0.00000000 0.00000000 1.00000000
134	134	135
0.99921256 -0.01207089 0.03779623 0.71656677
0.00908869 0.99690390 0.07810259 2.60355525
-0.03862197 -0.07769757 0.99622860 -1.32245383
0.00000000 0.00000000 0.00000000 1.00000000
135	135	136
0.99921665 -0.01227007 0.03762352 0.69555502
0.00926716 0.99683351 0.07897513 2.69171531
-0.03847341 -0.07856460 0.99616635 -1.31679206
0.00000000 0.00000000 0.00000000 1.00000000
136	136	137
0.99920336 -0.01275396 0.03781500 0.72166722
0.00976423 0.99688844 0.07821821 2.64238556
-0.03869493 -0.07778667 0.99621882 -1.35285398
0.00000000 0.00000000 0.00000000 1.00000000
137	137	138
0.99922074 -0.01346608 0.03710230 0.64420439
0.01046509 0.99674611 0.07992291 2.89800561
-0.03805782 -0.07947235 0.99611031 -1.26518825
0.00000000 0.00000000 0.00000000 1.00000000
138	138	139
0.99922558 -0.01338926 0.03699949 0.63610584
0.01037283 0.99669676 0.08054791 2.92855766
-0.03795575 -0.08010174 0.99606379 -1.24985392
0.00000000 0.00000000 0.00000000 1.00000000
139	139	140
0.99919286 -0.01455471 0.03744042 0.67948265
0.01147971 0.99664208 0.08107268 3.11620463
-0.03849469 -0.08057744 0.99600474 -1.33558028
0.00000000 0.00000000 0.00000000 1.00000000
140	140	141
0.99915331 -0.01505560 0.03828819 0.77261897
0.01203854 0.99689293 0.07784323 2.82715547
-0.03934120 -0.07731639 0.99623012 -1.45523752
0.00000000 0.00000000 0.00000000 1.00000000
141	141	142
0.99915027 -0.01469121 0.03850858 0.81636862
0.01170600 0.99699081 0.07663094 2.61267239
-0.03951851 -0.07611504 0.99631561 -1.46891753
0.00000000 0.00000000 0.00000000 1.00000000
142	142	143
0.99915929 -0.01415766 0.03847436 0.83901377
0.01120287 0.99704813 0.07595735 2.43406085
-0.03943617 -0.07546247 0.99636851 -1.43255921
0.00000000 0.00000000 0.00000000 1.00000000
143	143	144
0.99918418 -0.01297062 0.03824583 0.86148805
0.01010987 0.99720209 0.07406600 2.06447675
-0.03909950 -0.07361892 0.99651969 -1.33707556
0.00000000 0.00000000 0.00000000 1.00000000
144	144	145
0.99921319 -0.01233029 0.03769560 0.85418967
0.00945823 0.99710536 0.07544160 2.05983750
-0.03851670 -0.07502571 0.99643746 -1.21369030
0.00000000 0.00000000 0.00000000 1.00000000
145	145	146
0.99922178 -0.01256730 0.03738859 0.85963564
0.00969055 0.99704915 0.07615168 2.16014695
-0.03823528 -0.07573010 0.99639501 -1.15545229
0.00000000 0.00000000 0.00000000 1.00000000
146	146	147
0.99923454 -0.01166342 0.03734019 0.89981387
0.00879346 0.99705974 0.07612192 2.01000509
-0.03811825 -0.07573530 0.99639910 -1.10814441
0.00000000 0.00000000 0.00000000 1.00000000
147	147	148
0.99924575 -0.01211786 0.03689288 0.90049435
0.00922171 0.99693542 0.07768350 2.21421640
-0.03772118 -0.07728469 0.99629523 -1.04365438
0.00000000 0.00000000 0.00000000 1.00000000
148	148	149
0.99924311 -0.01185195 0.03705040 0.95631100
0.00903959 0.99712955 0.07517273 1.90072227
-0.03783499 -0.07478091 0.99648198 -1.05586807
0.00000000 0.00000000 0.00000000 1.00000000
149	149	150
0.99922533 -0.01305101 0.03712685 1.01390908
0.01008389 0.99682266 0.07901200 2.44742681
-0.03804007 -0.07857641 0.99618206 -1.11088094
0.00000000 0.00000000 0.00000000 1.00000000
150	150	151
0.99943289 -0.01414785 0.03055700 0.44549041
0.01168065 0.99676948 0.07946173 2.71618158
-0.03158249 -0.07905974 0.99636946 -0.16846355
0.00000000 0.00000000 0.00000000 1.00000000
151	151	152
0.99951552 -0.01254108 0.02848604 0.28933207
0.01033412 0.99702808 0.07634268 2.18581091
-0.02935880 -0.07601131 0.99667464 0.17222126
0.00000000 0.00000000 0.00000000 1.00000000
152	152	153
0.99954483 -0.01111071 0.02804782 0.27898414
0.00878308 0.99661103 0.08178817 2.51315095
-0.02886149 -0.08150460 0.99625499 0.22625451
0.00000000 0.00000000 0.00000000 1.00000000
153	153	154
0.99961636 -0.01227997 0.02482617 -0.01112661
0.01003891 0.99602907 0.08846082 3.36523406
-0.02581389 -0.08817766 0.99577023 0.69356132
0.00000000 0.00000000 0.00000000 1.00000000
154	154	155
0.99958331 -0.01279447 0.02587497 0.09964831
0.00998209 0.99431182 0.10603943 5.16002960
-0.02708451 -0.10573695 0.99402521 0.43941989
0.00000000 0.00000000 0.00000000 1.00000000
155	155	156
0.99958717 -0.01217388 0.02602471 0.11515264
0.00922924 0.99384281 0.11041414 5.49648875
-0.02720864 -0.11012837 0.99354488 0.41179977
0.00000000 0.00000000 0.00000000 1.00000000
156	156	157
0.99950781 -0.01095534 0.02939606 0.40914899
0.00737337 0.99283047 0.11930335 6.14782865
-0.03049231 -0.11902788 0.99242258 -0.21307358
0.00000000 0.00000000 0.00000000 1.00000000
157	157	158
0.99946621 -0.01411661 0.02946212 0.37529521
0.01088787 0.99419864 0.10700707 5.40233460
-0.03080177 -0.10662917 0.99382165 -0.19140182
0.00000000 0.00000000 0.00000000 1.00000000
158	158	159
0.99939277 -0.01765278 0.03004114 0.42991300
0.01601778 0.99842208 0.05382170 0.83303438
-0.03094384 -0.05330782 0.99809857 -0.01834546
0.00000000 0.00000000 0.00000000 1.00000000
159	159	160
0.99938269 -0.01759104 0.03041029 0.46833941
0.01604169 0.99859711 0.05046263 0.54669496
-0.03125532 -0.04994365 0.99826286 -0.03385453
0.00000000 0.00000000 0.00000000 1.00000000
160	160	161
0.99938931 -0.01743191 0.03028421 0.44551500
0.01568104 0.99824416 0.05712006 1.13938586
-0.03122674 -0.05661029 0.99790789 -0.02255331
0.00000000 0.00000000 0.00000000 1.00000000
161	161	162
0.99936640 -0.01842753 0.03045037 0.45849562
0.01648230 0.99788103 0.06294270 1.78332257
-0.03154572 -0.06240092 0.99755250 -0.03170429
0.00000000 0.00000000 0.00000000 1.00000000
162	162	163
0.99940222 -0.01727677 0.02994531 0.41669872
0.01516246 0.99747027 0.06944890 2.28950424
-0.03106941 -0.06895334 0.99713596 0.00066408
0.00000000 0.00000000 0.00000000 1.00000000
163	163	164
0.99950692 -0.01541015 0.02735779 0.17706222
0.01330969 0.99706716 0.07536526 2.70846008
-0.02843894 -0.07496398 0.99678063 0.20814666
0.00000000 0.00000000 0.00000000 1.00000000
164	164	165
0.99951719 -0.01690612 0.02606869 0.04863397
0.01481254 0.99680319 0.07851103 3.13920766
-0.02731267 -0.07808698 0.99657235 0.30684047
0.00000000 0.00000000 0.00000000 1.00000000
165	165	166
0.99949789 -0.01726108 0.02657106 0.08969320
0.01529003 0.99723845 0.07267523 2.63437783
-0.02775214 -0.07223247 0.99700165 0.28884826
0.00000000 0.00000000 0.00000000 1.00000000
166	166	167
0.99951317 -0.01603996 0.02676088 0.10649760
0.01476370 0.99877515 0.04722539 0.30069935
-0.02748559 -0.04680731 0.99852572 0.34965645
0.00000000 0.00000000 0.00000000 1.00000000
167	167	168
0.99952135 -0.01469512 0.02722369 0.14932183
0.01369237 0.99923396 0.03666073 -0.71882849
-0.02774157 -0.03627043 0.99895689 0.33807724
0.00000000 0.00000000 0.00000000 1.00000000
168	168	169
0.99950807 -0.01430436 0.02791051 0.22577598
0.01291320 0.99869546 0.04940262 0.38805526
-0.02858077 -0.04901790 0.99838889 0.28516918
0.00000000 0.00000000 0.00000000 1.00000000
169	169	170
0.99946894 -0.01396259 0.02944298 0.35335482
0.01271540 0.99903125 0.04212937 -0.27434289
-0.03000269 -0.04173262 0.99867824 0.27021431
0.00000000 0.00000000 0.00000000 1.00000000
170	170	171
0.99947984 -0.01350596 0.02928554 0.31824134
0.01210876 0.99880387 0.04737299 0.18919405
-0.02989033 -0.04699374 0.99844787 0.31065360
0.00000000 0.00000000 0.00000000 1.00000000
171	171	172
0.99945825 -0.01300633 0.03023298 0.41408512
0.01158592 0.99884217 0.04669148 0.12315661
-0.03080526 -0.04631591 0.99845174 0.30605972
0.00000000 0.00000000 0.00000000 1.00000000
172	172	173
0.99943861 -0.01274336 0.03098503 0.46728240
0.01159755 0.99925234 0.03688180 -0.72326797
-0.03143186 -0.03650174 0.99883916 0.31502084
0.00000000 0.00000000 0.00000000 1.00000000
173	173	174
0.99942681 -0.01258996 0.03142510 0.51196604
0.01223717 0.99986021 0.01139347 -2.92761702
-0.03156415 -0.01100238 0.99944117 0.31825983
0.00000000 0.00000000 0.00000000 1.00000000
174	174	175
0.99945946 -0.01207379 0.03057799 0.45524643
0.01158962 0.99980543 0.01596206 -2.42938604
-0.03076477 -0.01559905 0.99940492 0.32590259
0.00000000 0.00000000 0.00000000 1.00000000
175	175	176
0.99956354 -0.01294908 0.02655289 0.09757473
0.01259568 0.99983043 0.01343385 -2.62831960
-0.02672234 -0.01309354 0.99955714 0.45935222
0.00000000 0.00000000 0.00000000 1.00000000
176	176	177
0.99957292 -0.01265284 0.02634159 0.09203481
0.01231066 0.99983825 0.01311188 -2.61650917
-0.02650323 -0.01278199 0.99956701 0.47808938
0.00000000 0.00000000 0.00000000 1.00000000
177	177	178
0.99958563 -0.01270478 0.02582927 0.05764222
0.01232589 0.99981486 0.01477548 -2.46108302
-0.02601221 -0.01445099 0.99955717 0.44673581
0.00000000 0.00000000 0.00000000 1.00000000
178	178	179
0.99960997 -0.01157442 0.02541521 0.04343379
0.01125021 0.99985398 0.01286283 -2.62805248
-0.02556038 -0.01257189 0.99959423 0.43365243
0.00000000 0.00000000 0.00000000 1.00000000
179	179	180
0.99964038 -0.01145752 0.02424541 -0.09919591
0.01115848 0.99986044 0.01243310 -2.69633912
-0.02438447 -0.01215809 0.99962872 0.45193239
0.00000000 0.00000000 0.00000000 1.00000000
180	180	181
0.99963668 -0.01358878 0.02327788 -0.24329972
0.01310726 0.99969950 0.02071511 -1.95530135
-0.02355237 -0.02040248 0.99951439 0.47026376
0.00000000 0.00000000 0.00000000 1.00000000
181	181	182
0.99977651 -0.01281949 0.01681071 -0.90631195
0.01246728 0.99970401 0.02089147 -1.96864464
-0.01707355 -0.02067722 0.99964041 0.48598340
0.00000000 0.00000000 0.00000000 1.00000000
182	182	183
0.99968817 -0.02229905 0.01123862 -1.48104003
0.02201673 0.99945374 0.02464713 -1.63279783
-0.01178209 -0.02439200 0.99963304 0.53151666
0.00000000 0.00000000 0.00000000 1.00000000
183	183	184
0.99968058 -0.02270963 0.01109079 -1.54089799
0.02240417 0.99938622 0.02693021 -1.43289904
-0.01169556 -0.02667313 0.99957579 0.54782843
0.00000000 0.00000000 0.00000000 1.00000000
184	184	185
0.99970664 -0.02266214 0.00854781 -1.83552834
0.02253867 0.99964406 0.01427435 -2.57373823
-0.00886826 -0.01407750 0.99986158 0.57421597
0.00000000 0.00000000 0.00000000 1.00000000
185	185	186
0.99971742 -0.02166662 0.00977903 -1.76291339
0.02152140 0.99966002 0.01471968 -2.56382319
-0.01009463 -0.01450506 0.99984384 0.55948444
0.00000000 0.00000000 0.00000000 1.00000000
186	186	187
0.99976231 -0.01884300 0.01096641 -1.69845980
0.01868375 0.99972105 0.01444789 -2.59376990
-0.01123559 -0.01423956 0.99983548 0.54004547
0.00000000 0.00000000 0.00000000 1.00000000
187	187	188
0.99978254 -0.01703072 0.01203483 -1.65273201
0.01686624 0.99976473 0.01363894 -2.65396547
-0.01226428 -0.01343299 0.99983456 0.52628302
0.00000000 0.00000000 0.00000000 1.00000000
188	188	189
0.99980802 -0.01550242 0.01198311 -1.68122783
0.01534936 0.99980076 0.01276069 -2.71761841
-0.01217854 -0.01257430 0.99984677 0.52585740
0.00000000 0.00000000 0.00000000 1.00000000
189	189	190
0.99975865 -0.01630251 0.01472652 -1.52874323
0.01612084 0.99979350 0.01237238 -2.71536733
-0.01492518 -0.01213199 0.99981501 0.49637827
0.00000000 0.00000000 0.00000000 1.00000000
190	190	191
0.99985500 -0.01293490 0.01107517 -1.78444402
0.01277571 0.99981576 0.01432544 -2.58783328
-0.01125842 -0.01418187 0.99983605 0.50455462
0.00000000 0.00000000 0.00000000 1.00000000
191	191	192
0.99983041 -0.01359530 0.01242233 -1.73356308
0.01349913 0.99987851 0.00779343 -2.96207195
-0.01252677 -0.00762442 0.99989247 0.49141472
0.00000000 0.00000000 0.00000000 1.00000000
192	192	193
0.99987163 -0.01253538 0.00997896 -1.90554826
0.01246705 0.99989861 0.00687994 -2.99957569
-0.01006419 -0.00675464 0.99992654 0.47105809
0.00000000 0.00000000 0.00000000 1.00000000
193	193	194
0.99985119 -0.01300418 0.01133519 -1.86919884
0.01294031 0.99990008 0.00569052 -3.03519984
-0.01140805 -0.00554299 0.99991956 0.47494817
0.00000000 0.00000000 0.00000000 1.00000000
194	194	195
0.99981375 -0.01218311 0.01496785 -1.70796735
0.01205383 0.99988953 0.00869670 -2.88078882
-0.01507215 -0.00851466 0.99985015 0.43723341
0.00000000 0.00000000 0.00000000 1.00000000
195	195	196
0.99979991 -0.01411147 0.01417749 -1.80468806
0.01399094 0.99986544 0.00856510 -2.90406915
-0.01429645 -0.00836503 0.99986281 0.44081902
0.00000000 0.00000000 0.00000000 1.00000000
196	196	197
0.99983189 -0.01254528 0.01337184 -1.90314901
0.01243262 0.99988680 0.00847461 -2.92155722
-0.01347664 -0.00830694 0.99987468 0.43880372
0.00000000 0.00000000 0.00000000 1.00000000
197	197	198
0.99982563 -0.01334675 0.01306072 -1.95799852
0.01322380 0.99986786 0.00945532 -2.88022321
-0.01318520 -0.00928096 0.99987000 0.46373260
0.00000000 0.00000000 0.00000000 1.00000000
198	198	199
0.99983582 -0.01437474 0.01103193 -2.07905071
0.01427813 0.99985945 0.00878681 -2.91566468
-0.01115669 -0.00862785 0.99990054 0.47004369
0.00000000 0.00000000 0.00000000 1.00000000
199	199	200
0.99982444 -0.01488117 0.01138568 -2.09766452
0.01479720 0.99986296 0.00742373 -2.96755234
-0.01149460 -0.00725395 0.99990762 0.46102348
0.00000000 0.00000000 0.00000000 1.00000000
200	200	201
0.99986418 -0.01253920 0.01069522 -2.15395663
0.01246936 0.99990066 0.00657204 -2.99735236
-0.01077657 -0.00643779 0.99992121 0.47298859
0.00000000 0.00000000 0.00000000 1.00000000
201	201	202
0.99989484 -0.01062813 0.00986703 -2.22752027
0.01056741 0.99992503 0.00618550 -3.02339436
-0.00993203 -0.00608058 0.99993219 0.47442113
0.00000000 0.00000000 0.00000000 1.00000000
202	202	203
0.99990624 -0.00909806 0.01023377 -2.26636391
0.00903070 0.99993737 0.00661005 -3.03241728
-0.01029326 -0.00651701 0.99992579 0.45472840
0.00000000 0.00000000 0.00000000 1.00000000
203	203	204
0.99990348 -0.00843549 0.01103935 -2.27776353
0.00832487 0.99991505 0.01002898 -2.92369202
-0.01112301 -0.00993611 0.99988877 0.43646748
0.00000000 0.00000000 0.00000000 1.00000000
204	204	205
0.99987544 -0.01139105 0.01092502 -2.30778318
0.01126919 0.99987432 0.01115149 -2.88788755
-0.01105067 -0.01102698 0.99987814 0.42725461
0.00000000 0.00000000 0.00000000 1.00000000
205	205	206
0.99985709 -0.01375489 0.00982861 -2.38080553
0.01365100 0.99985105 0.01056053 -2.90631364
-0.00997241 -0.01042485 0.99989593 0.42825846
0.00000000 0.00000000 0.00000000 1.00000000
206	206	207
0.99986396 -0.01375924 0.00909683 -2.42721985
0.01366927 0.99985776 0.00987946 -2.91662960
-0.00923147 -0.00975377 0.99990982 0.41391474
0.00000000 0.00000000 0.00000000 1.00000000
207	207	208
0.99987486 -0.01278141 0.00932170 -2.44533714
0.01269609 0.99987749 0.00915474 -2.92828980
-0.00943757 -0.00903524 0.99991464 0.41260108
0.00000000 0.00000000 0.00000000 1.00000000
208	208	209
0.99988357 -0.01244695 0.00882725 -2.49198017
0.01239245 0.99990398 0.00620193 -3.01814521
-0.00890359 -0.00609181 0.99994181 0.42928304
0.00000000 0.00000000 0.00000000 1.00000000
209	209	210
0.99990463 -0.01072235 0.00870465 -2.53255812
0.01066024 0.99991762 0.00714984 -2.99751101
-0.00878060 -0.00705636 0.99993655 0.42427167
