0	1	22
0.99984292 0.00020907 0.01772243 -0.18992106
-0.00028130 0.99999166 0.00407371 -0.02144351
-0.01772143 -0.00407805 0.99983465 0.02037279
0.00000000 0.00000000 0.00000000 1.00000000
1	2	22
0.99751652 0.00156292 -0.07041551 0.27324289
-0.00151275 0.99999856 0.00076575 -0.00462438
0.07041660 -0.00065733 0.99751745 0.49885295
0.00000000 0.00000000 0.00000000 1.00000000
2	3	22
0.99999221 -0.00150507 -0.00364775 0.01253076
0.00150384 0.99999881 -0.00033759 0.01135684
0.00364825 0.00033210 0.99999329 0.03017340
0.00000000 0.00000000 0.00000000 1.00000000
3	4	22
0.99817938 0.00082449 -0.06030955 0.59924178
-0.00056956 0.99999083 0.00424411 -0.05683499
0.06031250 -0.00420203 0.99817070 0.44140415
0.00000000 0.00000000 0.00000000 1.00000000
4	5	22
0.99994662 -0.00315298 0.00984000 -0.15308488
0.00319809 0.99998444 -0.00457163 0.05890555
-0.00982543 0.00460286 0.99994114 0.03910006
0.00000000 0.00000000 0.00000000 1.00000000
5	6	22
0.99967593 0.00199091 0.02537837 -0.31684218
-0.00262894 0.99968068 0.02513212 -0.43342390
-0.02532023 -0.02519069 0.99936195 0.09982340
0.00000000 0.00000000 0.00000000 1.00000000
6	7	22
0.99932592 -0.00192638 0.03666064 -0.74426636
0.00211538 0.99998467 -0.00511751 0.10300643
-0.03665022 0.00519161 0.99931467 0.35833873
0.00000000 0.00000000 0.00000000 1.00000000
7	8	22
0.99999860 -0.00085281 0.00144276 -0.04818622
0.00085310 0.99999962 -0.00019628 0.00359715
-0.00144259 0.00019751 0.99999894 0.00505172
0.00000000 0.00000000 0.00000000 1.00000000
8	9	22
1.00000000 0.00000000 0.00000000 -0.00000000
0.00000000 1.00000000 0.00000000 0.00000000
0.00000000 0.00000000 1.00000000 0.00000000
0.00000000 0.00000000 0.00000000 1.00000000
9	10	22
0.99980233 -0.00853657 0.01795621 -0.67064147
0.00857622 0.99996095 -0.00213233 0.02392124
-0.01793731 0.00228590 0.99983650 0.30507790
0.00000000 0.00000000 0.00000000 1.00000000
10	11	22
0.99993898 0.01042381 0.00365722 -0.17295657
-0.01048888 0.99977850 0.01824660 -0.86824459
-0.00346621 -0.01828385 0.99982683 0.02844091
0.00000000 0.00000000 0.00000000 1.00000000
11	12	22
1.00000000 -0.00000000 0.00000000 -0.00000000
0.00000000 1.00000000 -0.00000000 0.00000000
0.00000000 0.00000000 1.00000000 0.00000000
0.00000000 0.00000000 0.00000000 1.00000000
12	13	22
0.99983780 0.00221152 0.01787385 -0.97774963
-0.00219058 0.99999689 -0.00119074 0.07719247
-0.01787643 0.00115139 0.99983954 0.10058771
0.00000000 0.00000000 0.00000000 1.00000000
13	14	22
0.97920421 -0.02083017 0.20180488 -11.62826822
0.02464580 0.99956150 -0.01641309 0.85255025
-0.20137450 0.02104541 0.97928821 2.04283367
0.00000000 0.00000000 0.00000000 1.00000000
14	15	22
0.99985057 -0.00606480 -0.01618814 1.06378816
0.00610755 0.99997799 0.00259296 -0.16878569
0.01617205 -0.00269144 0.99986560 0.30245811
0.00000000 0.00000000 0.00000000 1.00000000
15	16	22
0.98606545 0.02649091 0.16423510 -11.32467169
-0.08009863 0.94087458 0.32914927 -23.35996143
-0.14580516 -0.33771773 0.92988579 5.27193795
0.00000000 0.00000000 0.00000000 1.00000000
16	17	22
0.99820505 0.05549981 0.02250452 -1.67283048
-0.05573162 0.99839762 0.00980716 -0.64857730
-0.02192416 -0.01104377 0.99969864 0.06171022
0.00000000 0.00000000 0.00000000 1.00000000
17	18	22
0.99594580 -0.07822407 -0.04441795 3.75434434
0.08001991 0.99598222 0.04020232 -2.89654435
0.04109470 -0.04359365 0.99820380 0.42750701
0.00000000 0.00000000 0.00000000 1.00000000
18	19	22
1.00000000 0.00000000 0.00000000 -0.00000000
0.00000000 1.00000000 -0.00000000 0.00000000
0.00000000 0.00000000 1.00000000 -0.00000000
0.00000000 0.00000000 0.00000000 1.00000000
19	20	22
0.99907808 0.00506871 0.04262980 -3.78042032
-0.00265177 0.99839553 -0.05656263 4.98020421
-0.04284811 0.05639744 0.99748853 0.34150653
0.00000000 0.00000000 0.00000000 1.00000000
20	21	22
0.96634034 -0.00713741 0.25716805 -24.18047832
-0.00472389 0.99895429 0.04547543 -4.29972843
-0.25722370 -0.04515958 0.96529611 4.15373953
0.00000000 0.00000000 0.00000000 1.00000000
21	22	22
0.99403464 0.00172670 0.10905114 -10.94417444
0.00127420 0.99962257 -0.02744266 2.77116842
-0.10905736 0.02741791 0.99365726 1.05284117
0.00000000 0.00000000 0.00000000 1.00000000
22	23	22
0.99897950 0.01091031 0.04382823 -4.22222379
-0.01115228 0.99992387 0.00528027 -0.55588035
-0.04376729 -0.00576367 0.99902513 0.26369090
0.00000000 0.00000000 0.00000000 1.00000000
23	24	22
0.99848113 -0.01382907 0.05333102 -5.86690376
0.01462174 0.99978793 -0.01450182 1.51476574
-0.05311916 0.01525958 0.99847158 1.08463562
0.00000000 0.00000000 0.00000000 1.00000000
24	25	22
0.99966227 0.02526665 -0.00607764 0.55403007
-0.02507340 0.99923504 0.03001093 -3.41044571
0.00683127 -0.02984841 0.99953109 0.14257146
0.00000000 0.00000000 0.00000000 1.00000000
25	26	22
0.99786661 0.01418834 0.06372534 -6.24870064
-0.01395110 0.99989400 -0.00416639 0.38443530
-0.06377769 0.00326846 0.99795878 0.74169451
0.00000000 0.00000000 0.00000000 1.00000000
26	27	22
0.99908514 -0.00152231 0.04273827 -4.56131481
0.00179320 0.99997854 -0.00630069 0.67513627
-0.04272776 0.00637156 0.99906644 0.38308641
0.00000000 0.00000000 0.00000000 1.00000000
27	28	22
0.99968266 0.00229621 0.02508602 -2.53934985
-0.00235130 0.99999489 0.00216692 -0.26521443
-0.02508091 -0.00222522 0.99968295 -0.02376689
0.00000000 0.00000000 0.00000000 1.00000000
28	29	22
0.99282752 0.00129575 0.11954847 -12.45700056
0.00049632 0.99988798 -0.01495938 1.58787403
-0.11955446 0.01491141 0.99271566 1.13524836
0.00000000 0.00000000 0.00000000 1.00000000
29	30	22
0.99914850 -0.00154146 0.04122972 -4.75195267
0.00157626 0.99999843 -0.00081151 0.08407999
-0.04122840 0.00087581 0.99914936 0.35489987
0.00000000 0.00000000 0.00000000 1.00000000
30	31	22
0.99929687 0.00430289 0.03724589 -3.92954500
-0.00409740 0.99997597 -0.00559178 0.61824280
-0.03726906 0.00543524 0.99929049 0.28605758
0.00000000 0.00000000 0.00000000 1.00000000
31	32	22
0.99582935 0.04841861 -0.07732747 9.46259374
-0.04819732 0.99882665 0.00472658 -0.31354705
0.07746560 -0.00097989 0.99699454 0.00267476
0.00000000 0.00000000 0.00000000 1.00000000
32	33	22
1.00000000 0.00000000 0.00000000 -0.00000000
0.00000000 1.00000000 0.00000000 -0.00000000
0.00000000 0.00000000 1.00000000 -0.00000000
0.00000000 0.00000000 0.00000000 1.00000000
33	34	22
1.00000000 -0.00000000 -0.00000000 0.00000000
-0.00000000 1.00000000 -0.00000000 0.00000000
-0.00000000 -0.00000000 1.00000000 0.00000000
0.00000000 0.00000000 0.00000000 1.00000000
34	35	22
0.99723885 0.02185193 0.07097301 -3.85028037
-0.02471266 0.99890670 0.03968240 -3.99159203
-0.07002828 -0.04132676 0.99668859 1.82014797
0.00000000 0.00000000 0.00000000 1.00000000
35	36	22
0.99947752 0.01875064 -0.02632665 3.12894809
-0.01914667 0.99970607 -0.01487229 2.12231115
0.02604005 0.01536859 0.99954276 -0.49486567
0.00000000 0.00000000 0.00000000 1.00000000
36	37	22
0.99980858 -0.00228388 0.01943184 -2.02331142
0.00228494 0.99999739 -0.00003257 -0.07302113
-0.01943172 0.00007696 0.99981118 0.57020977
0.00000000 0.00000000 0.00000000 1.00000000
37	38	22
0.99939390 0.01337322 0.03214015 -3.40830257
-0.01252754 0.99957372 -0.02637112 3.33679971
-0.03247911 0.02595250 0.99913541 1.47057047
0.00000000 0.00000000 0.00000000 1.00000000
38	39	22
0.98925052 0.02530098 -0.14402525 17.46325148
-0.02303064 0.99958317 0.01740917 -1.28973495
0.14440569 -0.01390504 0.98942086 -3.36390115
0.00000000 0.00000000 0.00000000 1.00000000
39	40	22
0.99999234 -0.00051204 0.00387963 -0.38898969
0.00051849 0.99999848 -0.00166280 0.15896358
-0.00387877 0.00166480 0.99999109 0.15535206
0.00000000 0.00000000 0.00000000 1.00000000
40	41	22
1.00000000 -0.00000000 -0.00000000 0.00000000
-0.00000000 1.00000000 -0.00000000 0.00000000
-0.00000000 -0.00000000 1.00000000 0.00000000
0.00000000 0.00000000 0.00000000 1.00000000
41	42	22
0.99091054 0.12611444 0.04681293 -4.20476891
-0.12387755 0.99113776 -0.04796146 10.57522009
-0.05244670 0.04172644 0.99775160 2.42190041
0.00000000 0.00000000 0.00000000 1.00000000
42	43	22
0.99972371 0.00941297 -0.02153811 2.64521158
-0.00881472 0.99957728 0.02770476 -2.72864808
0.02178979 -0.02750726 0.99938409 -1.14787759
0.00000000 0.00000000 0.00000000 1.00000000
43	44	22
0.98072852 0.19537322 0.00093108 1.95107239
-0.19500924 0.97917083 -0.05653207 15.83965762
-0.01195654 0.05526104 0.99840035 0.96707997
0.00000000 0.00000000 0.00000000 1.00000000
44	45	22
0.99990697 -0.01196639 -0.00654601 0.71194725
0.01196082 0.99992807 -0.00088837 -0.60235815
0.00655617 0.00081000 0.99997818 -0.38816659
0.00000000 0.00000000 0.00000000 1.00000000
45	46	22
0.99998289 0.00106327 -0.00575150 0.65334069
-0.00105707 0.99999886 0.00108068 -0.05333570
0.00575264 -0.00107458 0.99998288 -0.36319968
0.00000000 0.00000000 0.00000000 1.00000000
46	47	22
0.95865490 -0.26424873 -0.10560966 13.65783889
0.27486712 0.95592617 0.10321443 -30.08110166
0.07368075 -0.12797564 0.98903659 -4.19785796
0.00000000 0.00000000 0.00000000 1.00000000
47	48	22
0.94556914 -0.08870095 -0.31309926 38.34951963
0.07041238 0.99511013 -0.06926700 2.98371015
0.31771230 0.04345068 0.94719108 -15.18227197
0.00000000 0.00000000 0.00000000 1.00000000
48	49	22
0.99862684 -0.00245659 -0.05232969 5.99448916
-0.00045426 0.99845631 -0.05554083 6.12120576
0.05238535 0.05548833 0.99708416 -3.15796467
0.00000000 0.00000000 0.00000000 1.00000000
49	50	22
0.99907479 0.01930604 -0.03842975 4.44337986
-0.02302831 0.99483074 -0.09890144 12.60381911
0.03632170 0.09969491 0.99435490 -1.54237712
0.00000000 0.00000000 0.00000000 1.00000000
50	51	22
0.99946122 0.03083771 -0.01123843 1.61093187
-0.03070380 0.99945770 0.01189920 1.18435257
0.01159928 -0.01154773 0.99986604 -0.98858086
0.00000000 0.00000000 0.00000000 1.00000000
51	52	22
0.99984920 -0.00064662 0.01735394 -1.54852137
0.00063006 0.99999934 0.00095973 -0.15497774
-0.01735455 -0.00094865 0.99984895 1.47165036
0.00000000 0.00000000 0.00000000 1.00000000
52	53	22
0.99999119 0.00418652 0.00031608 0.02694467
-0.00418625 0.99999088 -0.00084979 0.47885735
-0.00031964 0.00084846 0.99999959 0.02415276
0.00000000 0.00000000 0.00000000 1.00000000
53	54	22
0.99980178 0.00228861 -0.01977797 2.22628689
-0.00223237 0.99999340 0.00286477 -0.09268055
0.01978440 -0.00282005 0.99980029 -1.93248321
0.00000000 0.00000000 0.00000000 1.00000000
54	55	22
0.99874567 0.02720200 -0.04203734 4.88322133
-0.02722287 0.99962939 0.00007595 2.69202690
0.04202383 0.00106853 0.99911604 -4.10038044
0.00000000 0.00000000 0.00000000 1.00000000
55	56	22
0.95454373 0.00801269 -0.29796319 37.21960265
-0.00586008 0.99994989 0.00811707 -0.34341447
0.29801330 -0.00600201 0.95454285 -24.44947163
0.00000000 0.00000000 0.00000000 1.00000000
56	57	22
0.99998169 0.00135822 -0.00589774 0.68168873
-0.00135459 0.99999889 0.00061925 0.07441669
0.00589858 -0.00061125 0.99998242 -0.62271097
0.00000000 0.00000000 0.00000000 1.00000000
57	58	22
1.00000000 0.00000000 -0.00000000 0.00000000
-0.00000000 1.00000000 -0.00000000 0.00000000
0.00000000 0.00000000 1.00000000 0.00000000
0.00000000 0.00000000 0.00000000 1.00000000
58	59	22
0.99982558 0.01105624 -0.01505238 1.93077494
-0.01091315 0.99989480 0.00955504 0.17494811
0.01515644 -0.00938910 0.99984105 -1.78179720
0.00000000 0.00000000 0.00000000 1.00000000
59	60	22
0.99868463 0.05080651 -0.00690685 1.18643583
-0.05044713 0.99771877 0.04485908 1.09122633
0.00917023 -0.04445165 0.99896945 -1.13208524
0.00000000 0.00000000 0.00000000 1.00000000
60	61	22
0.99890542 -0.00930658 -0.04584039 4.88180401
0.00923065 0.99995565 -0.00186796 -0.90978441
0.04585574 0.00144278 0.99894703 -5.53517649
0.00000000 0.00000000 0.00000000 1.00000000
61	62	22
0.99924008 0.03874639 0.00424062 -0.01742811
-0.03854561 0.99845160 -0.04010772 8.58091806
-0.00578809 0.03991379 0.99918636 0.98618456
0.00000000 0.00000000 0.00000000 1.00000000
62	63	22
0.99970989 -0.01425114 0.01941752 -1.85155768
0.01437444 0.99987730 -0.00622535 -1.28603372
-0.01932642 0.00650266 0.99979208 2.52843792
0.00000000 0.00000000 0.00000000 1.00000000
63	64	22
0.99563011 -0.00746477 -0.09308580 10.79488800
0.00665701 0.99993747 -0.00898515 0.01292628
0.09314705 0.00832621 0.99561755 -11.69322395
0.00000000 0.00000000 0.00000000 1.00000000
64	65	22
0.99857967 -0.00201771 0.05324063 -4.65446720
0.00374901 0.99946670 -0.03243860 2.46514197
-0.05314678 0.03259213 0.99805469 7.65326459
0.00000000 0.00000000 0.00000000 1.00000000
65	66	22
1.00000000 0.00000000 -0.00000000 0.00000000
0.00000000 1.00000000 -0.00000000 0.00000000
-0.00000000 -0.00000000 1.00000000 -0.00000000
0.00000000 0.00000000 0.00000000 1.00000000
66	67	22
0.99977748 0.00072024 0.02108245 -1.87933176
-0.00083055 0.99998601 0.00522421 -0.37701656
-0.02107839 -0.00524056 0.99976409 2.96676193
0.00000000 0.00000000 0.00000000 1.00000000
67	68	22
0.99959749 0.02809280 -0.00395743 0.68411471
-0.02807587 0.99959668 0.00426879 3.67769339
0.00407576 -0.00415596 0.99998306 -0.61499032
0.00000000 0.00000000 0.00000000 1.00000000
68	69	22
0.99920631 0.02125284 -0.03369081 3.79721559
-0.02251423 0.99904245 -0.03751380 7.12516873
0.03286128 0.03824255 0.99872801 -4.33687049
0.00000000 0.00000000 0.00000000 1.00000000
69	70	22
0.99724521 0.06947770 -0.02597760 3.46917808
-0.06822575 0.99659409 0.04631929 6.00695365
0.02910728 -0.04441935 0.99858885 -4.87607210
0.00000000 0.00000000 0.00000000 1.00000000
70	71	22
0.99979107 0.02042391 -0.00082705 0.25345117
-0.02043728 0.99954242 -0.02229935 5.22664065
0.00037124 0.02231159 0.99975100 0.11383547
0.00000000 0.00000000 0.00000000 1.00000000
71	72	22
0.99995524 -0.00926615 0.00191113 -0.25693300
0.00927409 0.99994822 -0.00418998 -1.05889461
-0.00187221 0.00420752 0.99998940 0.32874200
0.00000000 0.00000000 0.00000000 1.00000000
72	73	22
0.99979013 -0.01704795 -0.01136019 1.01848457
0.01746593 0.99913378 0.03777080 -6.42239551
0.01070644 -0.03796129 0.99922185 -1.91395891
0.00000000 0.00000000 0.00000000 1.00000000
73	74	22
0.99909735 0.02974524 0.03032662 -1.97277844
-0.03089580 0.99879223 0.03820375 1.65983934
-0.02915361 -0.03910623 0.99880968 4.33791572
0.00000000 0.00000000 0.00000000 1.00000000
74	75	22
0.99997635 0.00683771 0.00074061 0.07726589
-0.00683528 0.99997141 -0.00323267 1.39452031
-0.00076270 0.00322753 0.99999450 0.16179439
0.00000000 0.00000000 0.00000000 1.00000000
75	76	22
0.99988697 0.01046282 0.01079747 -0.85553750
-0.00998589 0.99901146 -0.04331737 5.75409707
-0.01124002 0.04320465 0.99900301 2.38672785
0.00000000 0.00000000 0.00000000 1.00000000
76	77	22
0.99989166 0.01123965 0.00950449 -0.58977302
-0.01122474 0.99993569 -0.00162043 2.00669976
-0.00952209 0.00151357 0.99995352 1.53648698
0.00000000 0.00000000 0.00000000 1.00000000
77	78	22
0.99309451 -0.00390863 -0.11725194 12.36040808
-0.00186768 0.99879145 -0.04911373 4.98341681
0.11730220 0.04899357 0.99188700 -18.75809381
0.00000000 0.00000000 0.00000000 1.00000000
78	79	22
1.00000000 0.00000000 -0.00000000 -0.00000000
-0.00000000 1.00000000 -0.00000000 0.00000000
-0.00000000 0.00000000 1.00000000 0.00000000
0.00000000 0.00000000 0.00000000 1.00000000
79	80	22
0.99996967 -0.00686922 -0.00367080 0.27805002
0.00686454 0.99997561 -0.00128691 -1.10062566
0.00367955 0.00126168 0.99999243 -0.65817825
0.00000000 0.00000000 0.00000000 1.00000000
80	81	22
0.99487918 -0.07012692 -0.07278486 7.13926644
0.06709623 0.99680722 -0.04328351 -8.06717606
0.07558781 0.03817827 0.99640800 -12.78421282
0.00000000 0.00000000 0.00000000 1.00000000
81	82	22
0.99958790 0.00973348 0.02700523 -2.17780973
-0.00933296 0.99984517 -0.01491781 2.93061884
-0.02714625 0.01465963 0.99952397 4.93647099
0.00000000 0.00000000 0.00000000 1.00000000
82	83	22
1.00000000 -0.00000000 0.00000000 -0.00000000
0.00000000 1.00000000 0.00000000 -0.00000000
-0.00000000 -0.00000000 1.00000000 0.00000000
0.00000000 0.00000000 0.00000000 1.00000000
83	84	22
0.99949069 0.00031209 0.03191028 -2.45143355
-0.00036314 0.99999866 0.00159424 -0.06538836
-0.03190974 -0.00160502 0.99948947 5.81888483
0.00000000 0.00000000 0.00000000 1.00000000
84	85	22
0.99525300 -0.03758807 -0.08976977 9.28646418
0.03269127 0.99792838 -0.05540971 -0.94880752
0.09166654 0.05221199 0.99442001 -15.96618887
0.00000000 0.00000000 0.00000000 1.00000000
85	86	22
0.99999961 0.00033803 0.00082145 -0.06773849
-0.00033741 0.99999966 -0.00075865 0.13401890
-0.00082171 0.00075837 0.99999937 0.17171059
0.00000000 0.00000000 0.00000000 1.00000000
86	87	22
0.99976198 0.02112927 0.00543428 -0.27261996
-0.02112342 0.99977624 -0.00113053 4.05423738
-0.00545695 0.00101547 0.99998460 1.24900334
0.00000000 0.00000000 0.00000000 1.00000000
87	88	22
1.00000000 0.00000000 0.00000000 -0.00000000
-0.00000000 1.00000000 0.00000000 0.00000000
-0.00000000 -0.00000000 1.00000000 0.00000000
0.00000000 0.00000000 0.00000000 1.00000000
88	89	22
0.99970807 -0.00022598 -0.02416029 2.35740611
0.00046341 0.99995165 0.00982225 -1.03837189
0.02415690 -0.00983058 0.99965984 -4.83925996
0.00000000 0.00000000 0.00000000 1.00000000
89	90	22
0.99947008 0.00383316 -0.03232430 3.26429807
-0.00376065 0.99999028 0.00230374 0.49892059
0.03233281 -0.00218096 0.99947478 -5.96021460
0.00000000 0.00000000 0.00000000 1.00000000
90	91	22
0.99526083 -0.00847836 -0.09687101 10.54423518
0.00885180 0.99995495 0.00342582 -2.07174664
0.09683760 -0.00426707 0.99529105 -17.96796731
0.00000000 0.00000000 0.00000000 1.00000000
91	92	22
0.99994895 0.00041096 -0.01009582 1.06197699
-0.00053196 0.99992804 -0.01198478 1.29562832
0.01009017 0.01198954 0.99987721 -1.83976205
0.00000000 0.00000000 0.00000000 1.00000000
92	93	22
0.99953599 0.01503119 0.02649289 -2.48629463
-0.01469156 0.99980797 -0.01296826 4.37063340
-0.02668273 0.01257302 0.99956488 5.64845503
0.00000000 0.00000000 0.00000000 1.00000000
93	94	22
0.97325969 -0.00547914 0.22964225 -19.76540100
-0.00406638 0.99914787 0.04107308 -3.75992275
-0.22967161 -0.04090859 0.97240806 50.00979345
0.00000000 0.00000000 0.00000000 1.00000000
94	95	22
0.99676594 0.07503800 0.02875692 -1.94275901
-0.07579730 0.99677658 0.02629103 12.71362187
-0.02669140 -0.02838570 0.99924062 5.41114948
0.00000000 0.00000000 0.00000000 1.00000000
95	96	22
0.99970972 0.02243379 0.00878667 -0.82320745
-0.02247804 0.99973498 0.00497029 4.11485055
-0.00867284 -0.00516636 0.99994904 1.81872258
0.00000000 0.00000000 0.00000000 1.00000000
96	97	22
0.99953443 -0.00372807 -0.03028252 3.80610971
0.00362162 0.99998707 -0.00356923 -0.28066741
0.03029544 0.00345789 0.99953501 -5.94979437
0.00000000 0.00000000 0.00000000 1.00000000
97	98	22
0.99661445 -0.02652310 -0.07782135 10.16566041
0.03012005 0.99851395 0.04541666 -11.85705081
0.07650112 -0.04760688 0.99593231 -15.38523099
0.00000000 0.00000000 0.00000000 1.00000000
98	99	22
0.99896385 -0.00085294 -0.04550263 6.35519570
0.00093176 0.99999810 0.00171104 -0.42826708
0.04550109 -0.00175167 0.99896275 -8.88821630
0.00000000 0.00000000 0.00000000 1.00000000
99	100	22
0.99997193 0.00159751 0.00732078 -0.99680815
-0.00159504 0.99999867 -0.00034296 0.39121984
-0.00732132 0.00033128 0.99997314 1.60452829
0.00000000 0.00000000 0.00000000 1.00000000
100	101	22
0.99915724 0.00419011 0.04083194 -5.27991320
-0.00407834 0.99998771 -0.00282028 1.24789284
-0.04084326 0.00265138 0.99916205 8.92153452
0.00000000 0.00000000 0.00000000 1.00000000
101	102	22
0.99853086 0.00121020 0.05417246 -7.88149851
-0.00134217 0.99999622 0.00239973 -0.05408906
-0.05416935 -0.00246892 0.99852871 12.03752334
0.00000000 0.00000000 0.00000000 1.00000000
102	103	22
0.99993575 0.00462045 -0.01035089 1.38876312
-0.00461963 0.99998932 0.00010296 0.98509262
0.01035126 -0.00005514 0.99994642 -2.15630178
0.00000000 0.00000000 0.00000000 1.00000000
103	104	22
0.99997034 -0.00383233 -0.00668012 0.96207025
0.00380302 0.99998312 -0.00439363 -0.12766362
0.00669684 0.00436810 0.99996804 -1.31550805
0.00000000 0.00000000 0.00000000 1.00000000
104	105	22
0.99685438 0.00834463 0.07881446 -10.63733240
-0.00897641 0.99993033 0.00766524 0.79377449
-0.07874501 -0.00834860 0.99685983 17.50337662
0.00000000 0.00000000 0.00000000 1.00000000
105	106	22
0.99772481 0.01348653 0.06605536 -9.20391295
-0.01267449 0.99983906 -0.01269704 4.65910413
-0.06621597 0.01183094 0.99773517 15.22960697
0.00000000 0.00000000 0.00000000 1.00000000
106	107	22
0.99592181 -0.08977249 0.00898006 -1.36003004
0.08950977 0.99563851 0.02630514 -23.27699998
-0.01130237 -0.02539406 0.99961362 2.47745279
0.00000000 0.00000000 0.00000000 1.00000000
107	108	22
0.99996965 -0.00655078 -0.00421707 0.57704366
0.00655454 0.99997813 0.00087902 -1.52138980
0.00421122 -0.00090663 0.99999072 -0.41245088
0.00000000 0.00000000 0.00000000 1.00000000
108	109	22
0.98866157 -0.00037674 -0.15016042 24.34981793
0.00908942 0.99831331 0.05734043 -10.34289282
0.14988554 -0.05805516 0.98699743 -29.27830567
0.00000000 0.00000000 0.00000000 1.00000000
109	110	22
0.99865045 -0.00607536 -0.05157884 8.09211257
0.00624778 0.99997542 0.00318228 -1.76656161
0.05155824 -0.00350024 0.99866386 -9.92289130
0.00000000 0.00000000 0.00000000 1.00000000
110	111	22
1.00000000 -0.00000000 -0.00000000 0.00000000
0.00000000 1.00000000 -0.00000000 -0.00000000
0.00000000 0.00000000 1.00000000 0.00000000
0.00000000 0.00000000 0.00000000 1.00000000
111	112	22
1.00000000 0.00000000 -0.00000000 0.00000000
0.00000000 1.00000000 0.00000000 -0.00000000
-0.00000000 0.00000000 1.00000000 0.00000000
0.00000000 0.00000000 0.00000000 1.00000000
112	113	22
0.99999669 0.00116266 -0.00229743 0.36238138
-0.00117755 0.99997823 -0.00649286 1.21080671
0.00228983 0.00649555 0.99997628 -0.38402674
0.00000000 0.00000000 0.00000000 1.00000000
113	114	22
0.97454521 0.20880298 0.08162684 -5.79115226
-0.20189151 0.97567662 -0.08541046 52.70013154
-0.09747536 0.06675659 0.99299653 21.09295506
0.00000000 0.00000000 0.00000000 1.00000000
114	115	22
1.00000000 0.00000000 0.00000000 -0.00000000
0.00000000 1.00000000 0.00000000 -0.00000000
0.00000000 0.00000000 1.00000000 -0.00000000
0.00000000 0.00000000 0.00000000 1.00000000
115	116	22
1.00000000 -0.00000000 0.00000000 0.00000000
0.00000000 1.00000000 0.00000000 -0.00000000
0.00000000 -0.00000000 1.00000000 -0.00000000
0.00000000 0.00000000 0.00000000 1.00000000
116	117	22
0.99996564 -0.00777474 0.00287608 -0.53585908
0.00772993 0.99985344 0.01527549 -3.92226918
-0.00299443 -0.01525273 0.99987919 0.41311843
0.00000000 0.00000000 0.00000000 1.00000000
117	118	22
0.99998510 -0.00544521 0.00039930 -0.10460739
0.00544573 0.99998430 -0.00131676 -0.75225811
-0.00039213 0.00131891 0.99999905 0.07782084
0.00000000 0.00000000 0.00000000 1.00000000
118	119	22
0.99989525 -0.01420418 0.00277988 -0.59231261
0.01420870 0.99989775 -0.00161060 -2.22735920
-0.00275671 0.00164993 0.99999484 0.53089324
0.00000000 0.00000000 0.00000000 1.00000000
119	120	22
0.99794207 -0.03030274 0.05650998 -9.25810861
0.03210086 0.99899793 -0.03118782 -0.29313921
-0.05550828 0.03293765 0.99791480 10.13200453
0.00000000 0.00000000 0.00000000 1.00000000
120	121	22
0.99973459 -0.01723073 -0.01529226 2.38553982
0.01705595 0.99978855 -0.01148695 -1.04967858
0.01548696 0.01122308 0.99981708 -2.19894746
0.00000000 0.00000000 0.00000000 1.00000000
121	122	22
0.99993904 0.00266173 -0.01071573 1.66926645
-0.00260921 0.99998453 0.00491308 -0.36313835
0.01072864 -0.00488482 0.99993052 -1.75556586
0.00000000 0.00000000 0.00000000 1.00000000
122	123	22
0.99995766 0.00836974 0.00382381 -0.55308680
-0.00834372 0.99994228 -0.00676939 2.43895663
-0.00388024 0.00673720 0.99996978 0.70237726
0.00000000 0.00000000 0.00000000 1.00000000
123	124	22
0.99851274 -0.00369222 -0.05439374 8.61143284
0.00426121 0.99993738 0.01034829 -2.24880850
0.05435212 -0.01056469 0.99846594 -8.16929912
0.00000000 0.00000000 0.00000000 1.00000000
124	125	22
0.99998976 -0.00425409 -0.00154170 0.16759543
0.00425550 0.99999053 0.00090883 -0.77711784
0.00153782 -0.00091538 0.99999840 -0.23448822
0.00000000 0.00000000 0.00000000 1.00000000
125	126	22
0.99948672 0.00472042 -0.03168610 4.96126542
-0.00466600 0.99998751 0.00179131 0.38088826
0.03169416 -0.00164255 0.99949626 -4.41229787
0.00000000 0.00000000 0.00000000 1.00000000
126	127	22
0.99923559 -0.00370889 0.03891633 -6.41072775
0.00353341 0.99998328 0.00457700 -1.25951332
-0.03893266 -0.00443600 0.99923199 5.57868168
0.00000000 0.00000000 0.00000000 1.00000000
127	128	22
0.99957455 0.00106405 -0.02914770 4.59068286
-0.00098896 0.99999616 0.00259036 -0.27324293
0.02915035 -0.00256044 0.99957176 -3.81190867
0.00000000 0.00000000 0.00000000 1.00000000
128	129	22
0.99998445 0.00446338 -0.00334425 0.57111930
-0.00444476 0.99997471 0.00555250 -0.37644431
0.00336895 -0.00553755 0.99997899 -0.42598852
0.00000000 0.00000000 0.00000000 1.00000000
129	130	22
0.97907463 0.13752186 -0.15000202 26.88466771
-0.13437288 0.99044647 0.03097934 11.60715939
0.15282931 -0.01017488 0.98820022 -17.01149739
0.00000000 0.00000000 0.00000000 1.00000000
130	131	22
0.99995869 -0.00619630 0.00664981 -1.28027014
0.00603228 0.99968387 0.02440831 -4.58676964
-0.00679895 -0.02436719 0.99967996 0.60987862
0.00000000 0.00000000 0.00000000 1.00000000
131	132	22
1.00000000 0.00000000 -0.00000000 0.00000000
-0.00000000 1.00000000 0.00000000 0.00000000
0.00000000 -0.00000000 1.00000000 0.00000000
0.00000000 0.00000000 0.00000000 1.00000000
132	133	22
1.00000000 -0.00000000 0.00000000 0.00000000
0.00000000 1.00000000 -0.00000000 0.00000000
0.00000000 -0.00000000 1.00000000 -0.00000000
0.00000000 0.00000000 0.00000000 1.00000000
133	134	22
0.99830028 0.03542129 -0.04628058 7.61898207
-0.03402625 0.99895265 0.03059121 -1.44421479
0.04731569 -0.02896446 0.99845996 -4.85442275
0.00000000 0.00000000 0.00000000 1.00000000
134	135	22
0.99978949 -0.00929637 -0.01829086 2.86632674
0.00892650 0.99975610 -0.02020049 2.36028476
0.01847419 0.02003297 0.99962862 -1.58811448
0.00000000 0.00000000 0.00000000 1.00000000
135	136	22
0.99937419 -0.03049002 -0.01793300 2.74344648
0.03083982 0.99933285 0.01956412 -6.21461910
0.01732452 -0.02010493 0.99964776 -1.86501991
0.00000000 0.00000000 0.00000000 1.00000000
136	137	22
0.99993568 -0.01019995 -0.00495908 0.70550825
0.01024042 0.99991391 0.00820453 -2.20146207
0.00487497 -0.00825479 0.99995405 -0.46076740
0.00000000 0.00000000 0.00000000 1.00000000
137	138	22
0.94629313 0.01179879 -0.32309457 57.29938296
-0.03594825 0.99697713 -0.06887907 14.31237178
0.32130521 0.07679447 0.94385675 -17.72815335
0.00000000 0.00000000 0.00000000 1.00000000
138	139	22
0.99929957 0.02112923 0.03088578 -5.04733356
-0.02111402 0.99977674 -0.00081840 1.91250146
-0.03089618 0.00016570 0.99952259 2.68415089
0.00000000 0.00000000 0.00000000 1.00000000
139	140	22
0.99991020 -0.00557248 0.01218768 -2.20258708
0.00555431 0.99998341 0.00152463 -0.62910373
-0.01219598 -0.00145680 0.99992457 0.71225837
0.00000000 0.00000000 0.00000000 1.00000000
140	141	22
0.91791422 -0.37625947 -0.12594560 22.60058222
0.38548986 0.92085693 0.05848149 -38.19609800
0.09397366 -0.10223174 0.99031188 -5.36831417
0.00000000 0.00000000 0.00000000 1.00000000
141	142	22
0.98289512 0.00910309 -0.18394104 31.59696914
-0.01048600 0.99992359 -0.00654692 1.82452679
0.18386739 0.00836374 0.98291547 -9.72512649
0.00000000 0.00000000 0.00000000 1.00000000
142	143	22
0.99997445 0.00072295 0.00711238 -1.30661020
-0.00069926 0.99999420 -0.00333376 0.60684516
-0.00711475 0.00332870 0.99996915 0.61773539
0.00000000 0.00000000 0.00000000 1.00000000
143	144	22
0.97002380 0.00469111 0.24296465 -40.63359716
-0.00068027 0.99986216 -0.01658918 2.92091254
-0.24300899 0.01592662 0.96989328 18.40065906
0.00000000 0.00000000 0.00000000 1.00000000
144	145	22
0.99998674 -0.00059562 -0.00511431 0.86215963
0.00061094 0.99999533 0.00299519 -0.53484832
0.00511251 -0.00299828 0.99998244 -0.25423968
0.00000000 0.00000000 0.00000000 1.00000000
145	146	22
0.98678099 0.05918958 -0.15086374 25.78619529
-0.04309598 0.99323813 0.10779964 -15.76615812
0.15622424 -0.09987302 0.98265934 -5.22200815
0.00000000 0.00000000 0.00000000 1.00000000
146	147	22
1.00000000 0.00000000 -0.00000000 -0.00000000
0.00000000 1.00000000 -0.00000000 0.00000000
-0.00000000 0.00000000 1.00000000 -0.00000000
0.00000000 0.00000000 0.00000000 1.00000000
147	148	22
0.99993971 0.00612475 0.00911435 -1.56424753
-0.00602773 0.99992528 -0.01063458 2.10016670
-0.00917880 0.01057900 0.99990191 0.43810050
0.00000000 0.00000000 0.00000000 1.00000000
148	149	22
0.99970078 0.02035306 -0.01356854 2.29413634
-0.01940050 0.99756572 0.06697946 -10.54630797
0.01489875 -0.06669618 0.99766209 -0.37733949
0.00000000 0.00000000 0.00000000 1.00000000
149	150	22
1.00000000 -0.00000000 -0.00000000 0.00000000
0.00000000 1.00000000 -0.00000000 0.00000000
0.00000000 0.00000000 1.00000000 0.00000000
0.00000000 0.00000000 0.00000000 1.00000000
150	151	22
0.99999799 0.00152155 -0.00130487 0.17324122
-0.00152086 0.99999870 0.00053083 -0.06393892
0.00130568 -0.00052885 0.99999901 -0.04497277
0.00000000 0.00000000 0.00000000 1.00000000
151	152	22
1.00000000 0.00000000 -0.00000000 0.00000000
-0.00000000 1.00000000 0.00000000 -0.00000000
0.00000000 -0.00000000 1.00000000 -0.00000000
0.00000000 0.00000000 0.00000000 1.00000000
152	153	22
0.99999889 0.00122424 0.00084478 -0.15111721
-0.00122432 0.99999925 0.00009554 0.00338342
-0.00084467 -0.00009658 0.99999964 0.01788083
0.00000000 0.00000000 0.00000000 1.00000000
153	154	22
0.99982582 -0.01279556 -0.01358722 2.07017447
0.01225118 0.99914761 -0.03942038 6.44903269
0.01408004 0.03924706 0.99913033 0.15446235
0.00000000 0.00000000 0.00000000 1.00000000
154	155	22
0.97961534 -0.00247126 0.20086733 -35.87880657
0.02180004 0.99532671 -0.09407175 16.71961190
-0.19969614 0.09653305 0.97509119 6.16693676
0.00000000 0.00000000 0.00000000 1.00000000
155	156	22
0.99906595 -0.03592833 0.02400788 -4.30306535
0.03553175 0.99922824 0.01674596 -3.03146310
-0.02459101 -0.01587728 0.99957151 0.19144261
0.00000000 0.00000000 0.00000000 1.00000000
156	157	22
0.98929638 -0.00736470 -0.14573412 24.60960245
0.00829126 0.99994909 0.00575150 -1.03270504
0.14568435 -0.00689825 0.98930707 0.86419487
0.00000000 0.00000000 0.00000000 1.00000000
157	158	22
0.99890693 0.02975557 -0.03604927 6.20002400
-0.02940136 0.99951445 0.01031641 -1.69764882
0.03633874 -0.00924524 0.99929676 -0.00335308
0.00000000 0.00000000 0.00000000 1.00000000
158	159	22
0.99984887 -0.00641298 0.01615903 -2.99504046
0.00640514 0.99997934 0.00053712 -0.10350877
-0.01616214 -0.00043354 0.99986929 0.01978305
0.00000000 0.00000000 0.00000000 1.00000000
159	160	22
0.99903676 -0.01308894 -0.04188365 6.85619607
0.01300508 0.99991284 -0.00227419 0.39633168
0.04190977 0.00172730 0.99911991 0.10318225
0.00000000 0.00000000 0.00000000 1.00000000
160	161	22
0.99663340 -0.01552259 0.08050411 -14.99987223
0.01537023 0.99987872 0.00251190 -0.39105676
-0.08053334 -0.00126607 0.99675111 0.56067422
0.00000000 0.00000000 0.00000000 1.00000000
161	162	22
1.00000000 -0.00000000 -0.00000000 0.00000000
0.00000000 1.00000000 0.00000000 -0.00000000
-0.00000000 0.00000000 1.00000000 0.00000000
0.00000000 0.00000000 0.00000000 1.00000000
162	163	22
0.99958343 -0.00517683 -0.02839314 5.02367660
0.00507990 0.99998102 -0.00348508 0.66364758
0.02841064 0.00333940 0.99959076 0.52241819
0.00000000 0.00000000 0.00000000 1.00000000
163	164	22
0.97169764 0.13461345 0.19412088 -34.63575979
-0.16968157 0.96945686 0.17709197 -32.80502740
-0.16435285 -0.20501858 0.96486036 5.57766538
0.00000000 0.00000000 0.00000000 1.00000000
164	165	22
0.99858678 -0.00717463 0.05265904 -9.13891954
0.01359739 0.99235744 -0.12264514 22.02987326
-0.05137666 0.12318784 0.99105257 1.84806974
0.00000000 0.00000000 0.00000000 1.00000000
165	166	22
0.99392049 0.00344295 0.11004642 -20.44477886
-0.00149002 0.99984003 -0.01782375 3.28224807
-0.11009018 0.01755141 0.99376662 1.57356537
0.00000000 0.00000000 0.00000000 1.00000000
166	167	22
0.99999871 -0.00044225 0.00154699 -0.27572378
0.00044163 0.99999982 0.00040073 -0.07127846
-0.00154717 -0.00040005 0.99999872 0.00064979
0.00000000 0.00000000 0.00000000 1.00000000
167	168	22
0.99997838 -0.00011469 -0.00657463 1.24800882
0.00012089 0.99999955 0.00094300 -0.17790469
0.00657452 -0.00094378 0.99997794 0.03418639
0.00000000 0.00000000 0.00000000 1.00000000
168	169	22
0.99953348 0.00616721 -0.02991288 5.88682824
-0.00488746 0.99907733 0.04266855 -8.42742774
0.03014843 -0.04250245 0.99864138 0.41185434
0.00000000 0.00000000 0.00000000 1.00000000
169	170	22
0.99996833 -0.00711739 -0.00356068 0.83306698
0.00709442 0.99995421 -0.00642300 1.34256929
0.00360624 0.00639753 0.99997303 0.00577363
0.00000000 0.00000000 0.00000000 1.00000000
170	171	22
0.99940561 -0.01126643 0.03258049 -6.90044014
0.01149498 0.99991056 -0.00683592 1.45194841
-0.03250056 0.00720637 0.99944574 0.11170639
0.00000000 0.00000000 0.00000000 1.00000000
171	172	22
1.00000000 0.00000000 0.00000000 -0.00000000
0.00000000 1.00000000 -0.00000000 0.00000000
0.00000000 -0.00000000 1.00000000 -0.00000000
0.00000000 0.00000000 0.00000000 1.00000000
172	173	22
0.99999824 -0.00030433 -0.00185001 0.38989201
0.00030423 0.99999995 -0.00005404 0.01482230
0.00185003 0.00005348 0.99999829 0.03317230
0.00000000 0.00000000 0.00000000 1.00000000
173	174	22
0.99781449 -0.00228733 0.06603799 -14.39155513
0.00224732 0.99999724 0.00068022 -0.13536127
-0.06603936 -0.00053033 0.99781688 0.17903357
0.00000000 0.00000000 0.00000000 1.00000000
174	175	22
0.99974118 0.00730482 -0.02154558 4.98680096
-0.00658184 0.99941913 0.03343776 -7.62524843
0.02177732 -0.03328730 0.99920854 0.15870448
0.00000000 0.00000000 0.00000000 1.00000000
175	176	22
0.99927498 0.00661889 0.03749270 -8.26986048
-0.00681414 0.99996387 0.00508244 -1.20954883
-0.03745771 -0.00533423 0.99928398 0.16974983
0.00000000 0.00000000 0.00000000 1.00000000
176	177	22
0.99750671 -0.01422620 -0.06912294 15.17209702
0.01432039 0.99989708 0.00086719 -0.00785890
0.06910349 -0.00185490 0.99760777 1.41686896
0.00000000 0.00000000 0.00000000 1.00000000
177	178	22
0.99762507 0.00813142 -0.06839667 15.58324901
-0.00910428 0.99986160 -0.01392422 3.07858716
0.06827399 0.01451386 0.99756103 1.91095047
0.00000000 0.00000000 0.00000000 1.00000000
178	179	22
0.99995961 -0.00898318 -0.00026845 -0.00323619
0.00897982 0.99990322 -0.01062573 2.57550226
0.00036388 0.01062289 0.99994351 0.19967369
0.00000000 0.00000000 0.00000000 1.00000000
179	180	22
0.99992478 0.01062174 -0.00613217 1.51493709
-0.01055191 0.99988036 0.01131015 -2.74737054
0.00625157 -0.01124459 0.99991724 -0.13493699
0.00000000 0.00000000 0.00000000 1.00000000
180	181	22
0.99969419 -0.00473106 -0.02427227 5.70679981
0.00442857 0.99991205 -0.01250098 2.92203697
0.02432928 0.01238966 0.99962722 0.55818234
0.00000000 0.00000000 0.00000000 1.00000000
181	182	22
0.99889303 -0.01069457 0.04580765 -10.67678629
0.01054688 0.99993838 0.00346456 -0.83338589
-0.04584188 -0.00297759 0.99894427 0.42502034
0.00000000 0.00000000 0.00000000 1.00000000
182	183	22
0.99871021 0.05031435 0.00680979 -1.27646629
-0.05024107 0.99868156 -0.01053492 2.40709994
-0.00733087 0.01017920 0.99992132 0.21666035
0.00000000 0.00000000 0.00000000 1.00000000
183	184	22
0.99468643 0.08605836 0.05650537 -12.21936890
-0.07734453 0.98690594 -0.14154321 32.65005249
-0.06794646 0.13642073 0.98831810 3.92211215
0.00000000 0.00000000 0.00000000 1.00000000
184	185	22
0.99984253 0.01450744 -0.01022016 2.77797402
-0.01449078 0.99989355 0.00170252 -0.34807165
0.01024377 -0.00155416 0.99994632 -0.11519507
0.00000000 0.00000000 0.00000000 1.00000000
185	186	22
0.99997248 0.00062039 0.00739307 -1.67660395
-0.00061837 0.99999977 -0.00027505 0.07011580
-0.00739323 0.00027047 0.99997263 0.09062473
0.00000000 0.00000000 0.00000000 1.00000000
186	187	22
0.99215088 -0.02828600 0.12180528 -27.81498703
0.02888834 0.99957758 -0.00318163 0.34582118
-0.12166383 0.00667541 0.99254892 3.38684567
0.00000000 0.00000000 0.00000000 1.00000000
187	188	22
0.98035501 0.00297146 -0.19721875 47.30000443
-0.00231372 0.99999097 0.00356543 -0.82219427
0.19722756 -0.00303908 0.98035303 1.86729746
0.00000000 0.00000000 0.00000000 1.00000000
188	189	22
0.99999107 0.00379354 0.00186233 -0.39567371
-0.00381069 0.99994952 0.00929722 -2.07903580
-0.00182697 -0.00930424 0.99995505 -0.00860166
0.00000000 0.00000000 0.00000000 1.00000000
189	190	22
0.99985587 0.01692230 0.00136737 -0.20893654
-0.01692822 0.99984683 0.00444404 -0.54889836
-0.00129196 -0.00446655 0.99998919 -0.03042348
0.00000000 0.00000000 0.00000000 1.00000000
190	191	22
0.99905616 0.03297846 0.02827026 -6.06273754
-0.03342079 0.99932396 0.01531922 -2.58273118
-0.02774595 -0.01624958 0.99948292 0.74080154
0.00000000 0.00000000 0.00000000 1.00000000
191	192	22
0.99998575 0.00457496 0.00275041 -0.60037744
-0.00461091 0.99990213 0.01320854 -2.86170404
-0.00268971 -0.01322104 0.99990898 0.02763387
0.00000000 0.00000000 0.00000000 1.00000000
192	193	22
0.99944338 0.01167606 0.03125050 -7.12880202
-0.01193317 0.99989636 0.00805362 -1.40819716
-0.03115323 -0.00842206 0.99947914 1.48376692
0.00000000 0.00000000 0.00000000 1.00000000
193	194	22
0.99975595 0.00751297 -0.02077468 5.11852950
-0.00744036 0.99996595 0.00357016 -0.52212549
0.02080079 -0.00341471 0.99977781 -0.87581895
0.00000000 0.00000000 0.00000000 1.00000000
194	195	22
0.99988805 -0.00052627 0.01495335 -3.32456191
0.00053631 0.99999963 -0.00066741 0.12024916
-0.01495299 0.00067535 0.99988797 0.72193618
0.00000000 0.00000000 0.00000000 1.00000000
195	196	22
0.93415476 -0.28423327 0.21579236 -47.47703070
0.22325599 0.93720011 0.26797893 -73.54412783
-0.27840915 -0.20215685 0.93894673 27.27894682
0.00000000 0.00000000 0.00000000 1.00000000
196	197	22
0.94339451 -0.26779411 -0.19568628 47.12319392
0.28972853 0.95256013 0.09320183 -37.00954184
0.16144404 -0.14462199 0.97622759 -3.88357929
0.00000000 0.00000000 0.00000000 1.00000000
197	198	22
0.96571274 -0.07867493 -0.24740484 61.11485732
0.07356699 0.99684382 -0.02983789 2.87006887
0.24897148 0.01061400 0.96845265 -6.04041465
0.00000000 0.00000000 0.00000000 1.00000000
198	199	22
0.99998894 -0.00085252 -0.00462493 1.09255536
0.00093036 0.99985753 0.01685416 -4.02643454
0.00460990 -0.01685827 0.99984726 -0.36262543
0.00000000 0.00000000 0.00000000 1.00000000
199	200	22
0.99981588 -0.01203927 -0.01494170 3.37101544
0.01209793 0.99991944 0.00384191 -1.67056916
0.01489424 -0.00402197 0.99988099 -1.19211176
0.00000000 0.00000000 0.00000000 1.00000000
200	201	22
0.99789005 0.00006351 -0.06492638 15.72964232
-0.00048602 0.99997881 -0.00649168 1.57225300
0.06492459 0.00650954 0.99786894 -3.74707688
0.00000000 0.00000000 0.00000000 1.00000000
201	202	22
0.99957482 0.00698506 -0.02830868 7.41359247
-0.00707508 0.99997022 -0.00308104 1.14713252
0.02828631 0.00328002 0.99959448 -2.15789233
0.00000000 0.00000000 0.00000000 1.00000000
202	203	22
0.99924680 0.01426551 -0.03608777 9.01785490
-0.01418165 0.99989611 0.00257867 0.46659207
0.03612081 -0.00206494 0.99934530 -2.59870257
0.00000000 0.00000000 0.00000000 1.00000000
203	204	22
1.00000000 0.00000000 0.00000000 -0.00000000
0.00000000 1.00000000 0.00000000 -0.00000000
0.00000000 0.00000000 1.00000000 0.00000000
0.00000000 0.00000000 0.00000000 1.00000000
204	205	22
0.99817935 0.03826791 -0.04662138 11.60889673
-0.04037888 0.99816104 -0.04521155 14.14275919
0.04480550 0.04701176 0.99788895 -2.85508663
0.00000000 0.00000000 0.00000000 1.00000000
205	206	22
0.99939965 -0.03443539 -0.00381446 0.70157681
0.03434973 0.99919720 -0.02061687 1.86727443
0.00452135 0.02047347 0.99978017 -0.14171766
0.00000000 0.00000000 0.00000000 1.00000000
206	207	22
0.99997847 0.00159954 -0.00636413 1.51550913
-0.00157142 0.99998900 0.00442000 -0.89295858
0.00637113 -0.00440990 0.99996998 -0.61257022
0.00000000 0.00000000 0.00000000 1.00000000
207	208	22
1.00000000 -0.00000000 -0.00000000 0.00000000
0.00000000 1.00000000 0.00000000 0.00000000
-0.00000000 0.00000000 1.00000000 0.00000000
0.00000000 0.00000000 0.00000000 1.00000000
208	209	22
1.00000000 0.00000000 -0.00000000 0.00000000
-0.00000000 1.00000000 -0.00000000 0.00000000
-0.00000000 0.00000000 1.00000000 0.00000000
0.00000000 0.00000000 0.00000000 1.00000000
209	210	22
0.99043148 -0.10925178 0.08431808 -18.46261498
0.11320981 0.99261100 -0.04366847 -1.82846146
-0.07892420 0.05279626 0.99548155 9.68974493
