0	0	1
0.95055251 -0.30716394 0.04582839 246.27032326
0.15241928 0.58997803 0.79290245 5.32810841
-0.27058878 -0.74671028 0.60762280 248.89719485
0.00000000 0.00000000 0.00000000 1.00000000
1	1	2
0.95059290 -0.30701643 0.04597880 246.26887815
0.15226782 0.59018258 0.79277931 5.32747068
-0.27053216 -0.74660929 0.60777209 248.89635984
0.00000000 0.00000000 0.00000000 1.00000000
2	2	3
0.95057041 -0.30708718 0.04597130 246.26894735
0.15234164 0.59023647 0.79272501 5.32795418
-0.27056962 -0.74653759 0.60784348 248.89649758
0.00000000 0.00000000 0.00000000 1.00000000
3	3	4
0.95054917 -0.30721124 0.04557998 246.27212479
0.15271304 0.59012831 0.79273407 5.32665088
-0.27043486 -0.74657205 0.60786113 248.89542746
0.00000000 0.00000000 0.00000000 1.00000000
4	4	5
0.95048443 -0.30739061 0.04572055 246.27120337
0.15274243 0.59019678 0.79267743 5.32699576
-0.27064572 -0.74644409 0.60792443 248.89387975
0.00000000 0.00000000 0.00000000 1.00000000
5	5	6
0.95057492 -0.30712184 0.04564535 246.27258842
0.15258243 0.59008584 0.79279083 5.32544080
-0.27041806 -0.74664240 0.60778219 248.89616904
0.00000000 0.00000000 0.00000000 1.00000000
6	6	7
0.95053772 -0.30726439 0.04546035 246.27557823
0.15283515 0.59009038 0.79273877 5.32613742
-0.27040611 -0.74658016 0.60786396 248.89406832
0.00000000 0.00000000 0.00000000 1.00000000
7	7	8
0.95052215 -0.30731123 0.04546928 246.27472337
0.15289333 0.59018372 0.79265806 5.32806045
-0.27042795 -0.74648710 0.60796853 248.89173187
0.00000000 0.00000000 0.00000000 1.00000000
8	8	9
0.95057273 -0.30718371 0.04527321 246.28018241
0.15303983 0.59037605 0.79248655 5.33182770
-0.27016717 -0.74638749 0.60820672 248.88421006
0.00000000 0.00000000 0.00000000 1.00000000
9	9	10
0.95062928 -0.30701735 0.04521421 246.28097626
0.15294696 0.59029573 0.79256431 5.32920663
-0.27002075 -0.74651946 0.60810977 248.88711170
0.00000000 0.00000000 0.00000000 1.00000000
10	10	11
0.95059294 -0.30707556 0.04558135 246.26543998
0.15277508 0.59055724 0.79240262 5.33341663
-0.27024588 -0.74628865 0.60829304 248.87877211
0.00000000 0.00000000 0.00000000 1.00000000
11	11	12
0.95059304 -0.30709600 0.04544146 246.27210129
0.15293784 0.59064637 0.79230479 5.33774245
-0.27015346 -0.74620970 0.60843093 248.87208802
0.00000000 0.00000000 0.00000000 1.00000000
12	12	13
0.95041739 -0.30765393 0.04534129 246.27546168
0.15325650 0.59024892 0.79253938 5.32621889
-0.27059050 -0.74629436 0.60813280 248.88357397
0.00000000 0.00000000 0.00000000 1.00000000
13	13	14
0.95038537 -0.30773259 0.04547857 246.26915961
0.15317842 0.59020191 0.79258948 5.32345922
-0.27074716 -0.74629911 0.60805725 248.88739002
0.00000000 0.00000000 0.00000000 1.00000000
14	14	15
0.95048922 -0.30746319 0.04512895 246.28961172
0.15338702 0.59047826 0.79234326 5.33639806
-0.27026405 -0.74619154 0.60840408 248.86675535
0.00000000 0.00000000 0.00000000 1.00000000
15	15	16
0.95056133 -0.30727268 0.04490720 246.30450120
0.15332622 0.59015713 0.79259424 5.32022847
-0.27004486 -0.74652399 0.60809351 248.88732323
0.00000000 0.00000000 0.00000000 1.00000000
16	16	17
0.95058246 -0.30711892 0.04550784 246.26122329
0.15278054 0.59032173 0.79257704 5.31787519
-0.27027967 -0.74645712 0.60807128 248.88746168
0.00000000 0.00000000 0.00000000 1.00000000
17	17	18
0.95048963 -0.30743436 0.04531643 246.27606440
0.15322488 0.59051619 0.79234637 5.33638945
-0.27035459 -0.74617340 0.60838611 248.86532263
0.00000000 0.00000000 0.00000000 1.00000000
18	18	19
0.95047916 -0.30746716 0.04531351 246.27682751
0.15334466 0.59077849 0.79212764 5.35440110
-0.27032348 -0.74595223 0.60867108 248.84218366
0.00000000 0.00000000 0.00000000 1.00000000
19	19	20
0.95050226 -0.30732189 0.04581176 246.23303991
0.15281053 0.59072310 0.79227215 5.34122099
-0.27054463 -0.74605595 0.60844566 248.86170403
0.00000000 0.00000000 0.00000000 1.00000000
20	20	21
0.95059045 -0.30705660 0.04576066 246.23523833
0.15276442 0.59097597 0.79209244 5.35662310
-0.27026066 -0.74596491 0.60868344 248.84031178
0.00000000 0.00000000 0.00000000 1.00000000
21	21	22
0.95053271 -0.30719803 0.04601016 246.20839191
0.15261203 0.59086389 0.79220542 5.34505986
-0.27054968 -0.74599546 0.60851757 248.85648146
0.00000000 0.00000000 0.00000000 1.00000000
22	22	23
0.95055874 -0.30712521 0.04595859 246.21347080
0.15266592 0.59103054 0.79207071 5.35848593
-0.27042782 -0.74589343 0.60869680 248.83994028
0.00000000 0.00000000 0.00000000 1.00000000
23	23	24
0.95054319 -0.30720142 0.04577048 246.23098460
0.15282338 0.59088954 0.79214555 5.35057450
-0.27039354 -0.74597375 0.60861358 248.84897625
0.00000000 0.00000000 0.00000000 1.00000000
24	24	25
0.95058094 -0.30704971 0.04600381 246.20612260
0.15255527 0.59097085 0.79213657 5.35074336
-0.27041221 -0.74597180 0.60860767 248.84909192
0.00000000 0.00000000 0.00000000 1.00000000
25	25	26
0.95063427 -0.30685904 0.04617367 246.18923446
0.15234663 0.59114338 0.79204798 5.35968094
-0.27034234 -0.74591356 0.60871010 248.83860049
0.00000000 0.00000000 0.00000000 1.00000000
26	26	27
0.95055034 -0.30710248 0.04628293 246.17587068
0.15249583 0.59134927 0.79186556 5.37981978
-0.27055326 -0.74565012 0.60893910 248.81442195
0.00000000 0.00000000 0.00000000 1.00000000
27	27	28
0.95065047 -0.30677686 0.04638582 246.16401646
0.15225129 0.59152210 0.79178353 5.38791403
-0.27033910 -0.74564708 0.60903793 248.80332386
0.00000000 0.00000000 0.00000000 1.00000000
28	28	29
0.95073515 -0.30654325 0.04619421 246.18635988
0.15232378 0.59172041 0.79162139 5.40369364
-0.27000025 -0.74558581 0.60926322 248.77734184
0.00000000 0.00000000 0.00000000 1.00000000
29	29	30
0.95084464 -0.30624545 0.04591515 246.21577856
0.15238806 0.59181596 0.79153758 5.41157082
-0.26957810 -0.74563235 0.60939318 248.76229605
0.00000000 0.00000000 0.00000000 1.00000000
30	30	31
0.95081122 -0.30640023 0.04557319 246.25294411
0.15294126 0.59226750 0.79109303 5.46063721
-0.26938261 -0.74521011 0.60999583 248.69484699
0.00000000 0.00000000 0.00000000 1.00000000
31	31	32
0.95079238 -0.30648528 0.04539416 246.27316231
0.15318815 0.59237821 0.79096236 5.47293741
-0.26930883 -0.74508713 0.61017860 248.67376572
0.00000000 0.00000000 0.00000000 1.00000000
32	32	33
0.95065322 -0.30690135 0.04549732 246.26278730
0.15335906 0.59230422 0.79098465 5.46932082
-0.26970252 -0.74497468 0.61014202 248.68185488
0.00000000 0.00000000 0.00000000 1.00000000
33	33	34
0.95056180 -0.30716597 0.04562163 246.24903375
0.15331764 0.59197774 0.79123704 5.43921893
-0.27004808 -0.74512510 0.60980539 248.72395686
0.00000000 0.00000000 0.00000000 1.00000000
34	34	35
0.95075157 -0.30659179 0.04552941 246.25639550
0.15304348 0.59208868 0.79120710 5.44658731
-0.26953505 -0.74527342 0.60985112 248.70993787
0.00000000 0.00000000 0.00000000 1.00000000
35	35	36
0.95074827 -0.30665053 0.04520162 246.29016872
0.15340498 0.59222345 0.79103622 5.45988139
-0.26934114 -0.74514216 0.61009714 248.67969011
0.00000000 0.00000000 0.00000000 1.00000000
36	36	37
0.95073799 -0.30669231 0.04513430 246.29880298
0.15337277 0.59190062 0.79128405 5.43265741
-0.26939576 -0.74538143 0.60978065 248.71623474
0.00000000 0.00000000 0.00000000 1.00000000
37	37	38
0.95088650 -0.30619864 0.04535707 246.26864916
0.15315013 0.59272818 0.79070749 5.50467259
-0.26899797 -0.74492664 0.61051159 248.62736546
0.00000000 0.00000000 0.00000000 1.00000000
38	38	39
0.95067877 -0.30687654 0.04512945 246.29947366
0.15367210 0.59237026 0.79087443 5.46939847
-0.26943416 -0.74493239 0.61031219 248.66272668
0.00000000 0.00000000 0.00000000 1.00000000
39	39	40
0.95057202 -0.30721416 0.04508099 246.30936465
0.15404170 0.59264406 0.79059735 5.48729623
-0.26959968 -0.74457537 0.61067466 248.62888196
0.00000000 0.00000000 0.00000000 1.00000000
40	40	41
0.95048110 -0.30745755 0.04533791 246.28337241
0.15390333 0.59239386 0.79081179 5.46764073
-0.26999895 -0.74467401 0.61037791 248.67814158
0.00000000 0.00000000 0.00000000 1.00000000
41	41	42
0.95044000 -0.30762557 0.04505900 246.31621664
0.15428372 0.59248693 0.79066793 5.46786168
-0.26992654 -0.74453056 0.61058490 248.65295122
0.00000000 0.00000000 0.00000000 1.00000000
42	42	43
0.95048496 -0.30755164 0.04461320 246.36493660
0.15446190 0.59209409 0.79092737 5.42956930
-0.26966622 -0.74487353 0.61028154 248.67221117
0.00000000 0.00000000 0.00000000 1.00000000
43	43	44
0.95055571 -0.30731080 0.04476515 246.34705572
0.15429194 0.59242751 0.79071085 5.46314986
-0.26951409 -0.74470780 0.61055093 248.63524632
0.00000000 0.00000000 0.00000000 1.00000000
44	44	45
0.95049701 -0.30745051 0.04505142 246.31663642
0.15399412 0.59199980 0.79108915 5.43550060
-0.26989119 -0.74499022 0.61003961 248.71204545
0.00000000 0.00000000 0.00000000 1.00000000
45	45	46
0.95051588 -0.30739270 0.04504771 246.31550730
0.15382963 0.59164591 0.79138585 5.41029246
-0.26991852 -0.74529514 0.60965494 248.75589133
0.00000000 0.00000000 0.00000000 1.00000000
46	46	47
0.95052503 -0.30730030 0.04548297 246.26583297
0.15338466 0.59159170 0.79151273 5.42389692
-0.27013945 -0.74537627 0.60945787 248.79219850
0.00000000 0.00000000 0.00000000 1.00000000
47	47	48
0.95049730 -0.30740031 0.04538639 246.27705724
0.15356456 0.59167829 0.79141312 5.42280672
-0.27013478 -0.74526630 0.60959441 248.77795527
0.00000000 0.00000000 0.00000000 1.00000000
48	48	49
0.95057364 -0.30721699 0.04502757 246.31118971
0.15364388 0.59141695 0.79159304 5.39507946
-0.26982090 -0.74554927 0.60938738 248.77893995
0.00000000 0.00000000 0.00000000 1.00000000
49	49	50
0.95047454 -0.30749274 0.04523665 246.29355532
0.15360937 0.59128420 0.79169890 5.38599762
-0.27018938 -0.74554088 0.60923435 248.82312746
0.00000000 0.00000000 0.00000000 1.00000000
50	50	51
0.95069092 -0.30681914 0.04526359 246.27791883
0.15318797 0.59144841 0.79165790 5.42412329
-0.26966687 -0.74568814 0.60928563 248.77753661
0.00000000 0.00000000 0.00000000 1.00000000
51	51	52
0.95042949 -0.30767601 0.04493618 246.33040732
0.15390099 0.59105401 0.79181415 5.34770640
-0.27018193 -0.74564779 0.60910680 248.83739519
0.00000000 0.00000000 0.00000000 1.00000000
52	52	53
0.95029239 -0.30815222 0.04457114 246.38115067
0.15437968 0.59064139 0.79202883 5.27955419
-0.27039100 -0.74577809 0.60885446 248.88029016
0.00000000 0.00000000 0.00000000 1.00000000
53	53	54
0.95018929 -0.30842102 0.04490862 246.35442548
0.15450556 0.59125885 0.79154343 5.32355349
-0.27068125 -0.74517746 0.60946059 248.84670656
0.00000000 0.00000000 0.00000000 1.00000000
54	54	55
0.95048313 -0.30758166 0.04444479 246.37964476
0.15440369 0.59148945 0.79139101 5.34989202
-0.26970598 -0.74534136 0.60969249 248.73087324
0.00000000 0.00000000 0.00000000 1.00000000
55	55	56
0.95068242 -0.30695427 0.04451988 246.35456464
0.15392243 0.59151280 0.79146731 5.38962398
-0.26927835 -0.74558144 0.60958796 248.69731466
0.00000000 0.00000000 0.00000000 1.00000000
56	56	57
0.95079153 -0.30666177 0.04420445 246.37861826
0.15406303 0.59172660 0.79128011 5.39577577
-0.26881231 -0.74553215 0.60985388 248.62220674
0.00000000 0.00000000 0.00000000 1.00000000
57	57	58
0.95082634 -0.30655954 0.04416471 246.37898833
0.15424619 0.59233608 0.79078826 5.43063587
-0.26858403 -0.74509007 0.61049439 248.53148457
0.00000000 0.00000000 0.00000000 1.00000000
58	58	59
0.95069516 -0.30696324 0.04418471 246.38901966
0.15449046 0.59229659 0.79077016 5.40568383
-0.26890782 -0.74495524 0.61051639 248.56382193
0.00000000 0.00000000 0.00000000 1.00000000
59	59	60
0.95068715 -0.30701581 0.04399133 246.40899042
0.15484615 0.59273721 0.79037033 5.40715064
-0.26873149 -0.74458303 0.61104787 248.48947925
0.00000000 0.00000000 0.00000000 1.00000000
60	60	61
0.95078065 -0.30672023 0.04403235 246.39705700
0.15470166 0.59299023 0.79020882 5.44443020
-0.26848378 -0.74450338 0.61125377 248.44190786
0.00000000 0.00000000 0.00000000 1.00000000
61	61	62
0.95050509 -0.30757566 0.04401474 246.42755186
0.15503462 0.59225558 0.79069438 5.34875516
-0.26926631 -0.74473522 0.61062681 248.60162923
0.00000000 0.00000000 0.00000000 1.00000000
62	62	63
0.95055515 -0.30737762 0.04431609 246.39101171
0.15468182 0.59234671 0.79069521 5.39270729
-0.26929249 -0.74474450 0.61060394 248.60761791
0.00000000 0.00000000 0.00000000 1.00000000
63	63	64
0.95050536 -0.30757378 0.04402194 246.42524439
0.15511490 0.59249771 0.79049720 5.35760309
-0.26921912 -0.74454337 0.61088153 248.57127143
0.00000000 0.00000000 0.00000000 1.00000000
64	64	65
0.95030758 -0.30805310 0.04493098 246.35490958
0.15492696 0.59316184 0.79003586 5.43137066
-0.27002434 -0.74381605 0.61141193 248.63053742
0.00000000 0.00000000 0.00000000 1.00000000
65	65	66
0.95019849 -0.30840328 0.04483580 246.37691775
0.15529345 0.59329400 0.78986466 5.39963930
-0.27019766 -0.74356550 0.61164007 248.63501723
0.00000000 0.00000000 0.00000000 1.00000000
66	66	67
0.95016946 -0.30843902 0.04520372 246.34415558
0.15499762 0.59325437 0.78995253 5.43167175
-0.27046949 -0.74358229 0.61149949 248.68570634
0.00000000 0.00000000 0.00000000 1.00000000
67	67	68
0.95013550 -0.30853359 0.04527205 246.34030358
0.15498696 0.59320351 0.78999281 5.42894716
-0.27059485 -0.74358363 0.61144240 248.70913758
0.00000000 0.00000000 0.00000000 1.00000000
68	68	69
0.95019529 -0.30834697 0.04528868 246.33052234
0.15488479 0.59331139 0.78993183 5.45076267
-0.27044338 -0.74357497 0.61151995 248.68150146
0.00000000 0.00000000 0.00000000 1.00000000
69	69	70
0.95019616 -0.30835172 0.04523793 246.33599500
0.15493234 0.59331717 0.78991816 5.44506233
-0.27041306 -0.74356839 0.61154135 248.67541874
0.00000000 0.00000000 0.00000000 1.00000000
70	70	71
0.95023386 -0.30821195 0.04539824 246.31581821
0.15480447 0.59359479 0.78973464 5.48452561
-0.27035381 -0.74340475 0.61176646 248.64827447
0.00000000 0.00000000 0.00000000 1.00000000
71	71	72
0.95021736 -0.30836289 0.04471352 246.38178960
0.15547920 0.59360158 0.78959698 5.39500223
-0.27002442 -0.74333673 0.61199454 248.57709116
0.00000000 0.00000000 0.00000000 1.00000000
72	72	73
0.95016113 -0.30853292 0.04473544 246.38914897
0.15547281 0.59331402 0.78981433 5.37153125
-0.27022589 -0.74349573 0.61171240 248.63227135
0.00000000 0.00000000 0.00000000 1.00000000
73	73	74
0.95012701 -0.30854628 0.04536367 246.33253035
0.15500774 0.59344602 0.78980658 5.44617124
-0.27061277 -0.74338484 0.61167615 248.69834918
0.00000000 0.00000000 0.00000000 1.00000000
74	74	75
0.95011321 -0.30863869 0.04502268 246.36760035
0.15552689 0.59392009 0.78934803 5.40953267
-0.27036322 -0.74296776 0.61229294 248.60371605
0.00000000 0.00000000 0.00000000 1.00000000
75	75	76
0.95010931 -0.30865286 0.04500784 246.36859799
0.15547573 0.59371893 0.78950942 5.40109733
-0.27040634 -0.74312263 0.61208592 248.62988295
0.00000000 0.00000000 0.00000000 1.00000000
76	76	77
0.95008995 -0.30873501 0.04485294 246.38612926
0.15568928 0.59379757 0.78940819 5.37549590
-0.27035151 -0.74302567 0.61222783 248.60842789
0.00000000 0.00000000 0.00000000 1.00000000
77	77	78
0.95010994 -0.30872707 0.04448262 246.41740349
0.15596441 0.59372299 0.78940998 5.32780686
-0.27012259 -0.74308856 0.61225255 248.56671165
0.00000000 0.00000000 0.00000000 1.00000000
78	78	79
0.95016779 -0.30852436 0.04465300 246.39115343
0.15572829 0.59384461 0.78936511 5.37233300
-0.27005531 -0.74307557 0.61229799 248.55226876
0.00000000 0.00000000 0.00000000 1.00000000
79	79	80
0.95016487 -0.30853211 0.04466161 246.38893808
0.15566010 0.59366205 0.78951586 5.36893210
-0.27010490 -0.74321821 0.61210297 248.57782663
0.00000000 0.00000000 0.00000000 1.00000000
80	80	81
0.95016634 -0.30854981 0.04450766 246.40263458
0.15575965 0.59355064 0.78958000 5.34316894
-0.27004231 -0.74329984 0.61203145 248.57314520
0.00000000 0.00000000 0.00000000 1.00000000
81	81	82
0.95015363 -0.30855168 0.04476540 246.37950153
0.15567356 0.59389946 0.78933464 5.38482378
-0.27013667 -0.74302038 0.61232907 248.56776859
0.00000000 0.00000000 0.00000000 1.00000000
82	82	83
0.95024607 -0.30817908 0.04536589 246.30957017
0.15509514 0.59438200 0.78908525 5.51554025
-0.27014423 -0.74278913 0.61260624 248.54597155
0.00000000 0.00000000 0.00000000 1.00000000
83	83	84
0.95018481 -0.30826431 0.04606447 246.25388381
0.15444701 0.59403527 0.78947339 5.59696927
-0.27073039 -0.74303110 0.61205379 248.70068958
0.00000000 0.00000000 0.00000000 1.00000000
84	84	85
0.95011040 -0.30847397 0.04619554 246.25573525
0.15446573 0.59399173 0.78950247 5.59330157
-0.27098073 -0.74297889 0.61200638 248.75281575
0.00000000 0.00000000 0.00000000 1.00000000
85	85	86
0.95012129 -0.30847617 0.04595644 246.27457328
0.15463608 0.59390989 0.78953070 5.56055900
-0.27084539 -0.74304340 0.61198798 248.72868203
0.00000000 0.00000000 0.00000000 1.00000000
86	86	87
0.95008067 -0.30859253 0.04601484 246.27624750
0.15461751 0.59377366 0.78963679 5.55299232
-0.27099842 -0.74310396 0.61184669 248.77024107
0.00000000 0.00000000 0.00000000 1.00000000
87	87	88
0.94996324 -0.30893103 0.04616787 246.28099652
0.15469661 0.59370417 0.78967355 5.53416767
-0.27136472 -0.74301883 0.61178772 248.84491754
0.00000000 0.00000000 0.00000000 1.00000000
88	88	89
0.95002492 -0.30869417 0.04648181 246.24220689
0.15434779 0.59390746 0.78958894 5.61042767
-0.27134740 -0.74295480 0.61187315 248.83395746
0.00000000 0.00000000 0.00000000 1.00000000
89	89	90
0.95013727 -0.30834663 0.04649226 246.22391597
0.15413549 0.59400128 0.78955983 5.65593330
-0.27107458 -0.74302411 0.61190991 248.77861806
0.00000000 0.00000000 0.00000000 1.00000000
90	90	91
0.95010647 -0.30851017 0.04603455 246.27256333
0.15455542 0.59380287 0.78962699 5.56445593
-0.27094340 -0.74311482 0.61185786 248.75638829
0.00000000 0.00000000 0.00000000 1.00000000
91	91	92
0.95014107 -0.30829578 0.04675103 246.19553247
0.15434746 0.59526632 0.78856507 5.72069870
-0.27094060 -0.74203216 0.61317164 248.63351320
0.00000000 0.00000000 0.00000000 1.00000000
92	92	93
0.95012059 -0.30839568 0.04650777 246.22409826
0.15455517 0.59509456 0.78865402 5.66801925
-0.27089402 -0.74212841 0.61307574 248.63379289
0.00000000 0.00000000 0.00000000 1.00000000
93	93	94
0.94997291 -0.30881402 0.04674788 246.22462688
0.15454303 0.59482186 0.78886210 5.64377469
-0.27141833 -0.74217306 0.61278971 248.76939370
0.00000000 0.00000000 0.00000000 1.00000000
94	94	95
0.94985682 -0.30905747 0.04749205 246.16508046
0.15409032 0.59481747 0.78895396 5.72799706
-0.27208122 -0.74207524 0.61261419 248.92676455
0.00000000 0.00000000 0.00000000 1.00000000
95	95	96
0.94980372 -0.30924107 0.04735888 246.18857983
0.15420646 0.59448923 0.78917863 5.67342428
-0.27220079 -0.74226176 0.61233505 248.98120107
0.00000000 0.00000000 0.00000000 1.00000000
96	96	97
0.94978738 -0.30938243 0.04675945 246.26317853
0.15465770 0.59409700 0.78938568 5.55205603
-0.27200171 -0.74251685 0.61211421 248.96517533
0.00000000 0.00000000 0.00000000 1.00000000
97	97	98
0.94973383 -0.30955329 0.04671636 246.27670665
0.15480631 0.59408534 0.78936533 5.52161955
-0.27210414 -0.74245496 0.61214374 248.98150746
0.00000000 0.00000000 0.00000000 1.00000000
98	98	99
0.94976439 -0.30950839 0.04639133 246.31265533
0.15507085 0.59415407 0.78926167 5.47889094
-0.27184670 -0.74241868 0.61230211 248.90642004
0.00000000 0.00000000 0.00000000 1.00000000
99	99	100
0.94972444 -0.30965914 0.04620286 246.34394178
0.15537561 0.59427646 0.78910956 5.43519446
-0.27181226 -0.74225784 0.61251236 248.87021292
0.00000000 0.00000000 0.00000000 1.00000000
100	100	101
0.94988689 -0.30928279 0.04537679 246.42786287
0.15584182 0.59438043 0.78893930 5.35922063
-0.27097642 -0.74233150 0.61279337 248.65433765
0.00000000 0.00000000 0.00000000 1.00000000
101	101	102
0.94990916 -0.30922426 0.04530947 246.43290195
0.15589365 0.59447920 0.78885464 5.36033769
-0.27086853 -0.74227679 0.61290734 248.61546718
0.00000000 0.00000000 0.00000000 1.00000000
102	102	103
0.94998887 -0.30899488 0.04520309 246.43267936
0.15591220 0.59471918 0.78867007 5.38403488
-0.27057816 -0.74218008 0.61315267 248.51880045
0.00000000 0.00000000 0.00000000 1.00000000
103	103	104
0.95001344 -0.30896809 0.04486847 246.47626081
0.15610379 0.59453298 0.78877255 5.32623582
-0.27038133 -0.74234039 0.61304541 248.49168568
0.00000000 0.00000000 0.00000000 1.00000000
104	104	105
0.95004159 -0.30882189 0.04527712 246.41112898
0.15580135 0.59490918 0.78854867 5.42709886
-0.27045686 -0.74209980 0.61330333 248.47248462
0.00000000 0.00000000 0.00000000 1.00000000
105	105	106
0.95002783 -0.30886085 0.04530003 246.40970807
0.15589034 0.59513213 0.78836283 5.43687386
-0.27045392 -0.74190479 0.61354051 248.43868835
0.00000000 0.00000000 0.00000000 1.00000000
106	106	107
0.95002571 -0.30879437 0.04579502 246.33537808
0.15552689 0.59538687 0.78824226 5.53397168
-0.27067052 -0.74172806 0.61365866 248.46744023
0.00000000 0.00000000 0.00000000 1.00000000
107	107	108
0.95013588 -0.30844032 0.04589536 246.30007107
0.15517936 0.59532849 0.78835484 5.58866330
-0.27048323 -0.74192221 0.61350653 248.44890909
0.00000000 0.00000000 0.00000000 1.00000000
108	108	109
0.95016683 -0.30833930 0.04593330 246.28939492
0.15508330 0.59534144 0.78836396 5.60771284
-0.27042959 -0.74195380 0.61349197 248.43974553
0.00000000 0.00000000 0.00000000 1.00000000
109	109	110
0.95025247 -0.30810767 0.04571548 246.30778602
0.15509806 0.59532206 0.78837570 5.60268008
-0.27012003 -0.74206557 0.61349316 248.37462240
0.00000000 0.00000000 0.00000000 1.00000000
110	110	111
0.95024712 -0.30815705 0.04549342 246.34271747
0.15533769 0.59538121 0.78828384 5.56720404
-0.27000115 -0.74199760 0.61362768 248.32986836
0.00000000 0.00000000 0.00000000 1.00000000
111	111	112
0.95029519 -0.30800121 0.04554448 246.32663835
0.15519124 0.59538893 0.78830686 5.59333782
-0.26991615 -0.74205611 0.61359433 248.31687584
0.00000000 0.00000000 0.00000000 1.00000000
112	112	113
0.95032225 -0.30794502 0.04535952 246.35186790
0.15534752 0.59550283 0.78819003 5.58072166
-0.26973092 -0.74198804 0.61375808 248.25396322
0.00000000 0.00000000 0.00000000 1.00000000
113	113	114
0.95037463 -0.30781914 0.04511595 246.38086328
0.15547951 0.59554783 0.78813001 5.56506011
-0.26947020 -0.74200415 0.61385311 248.18704554
0.00000000 0.00000000 0.00000000 1.00000000
114	114	115
0.95055936 -0.30726204 0.04502149 246.36547390
0.15516172 0.59550914 0.78822186 5.61330154
-0.26900137 -0.74226606 0.61374210 248.11054082
0.00000000 0.00000000 0.00000000 1.00000000
115	115	116
0.95062534 -0.30707251 0.04492149 246.37219338
0.15510447 0.59548085 0.78825450 5.62011175
-0.26880117 -0.74236718 0.61370750 248.07744646
0.00000000 0.00000000 0.00000000 1.00000000
116	116	117
0.95073398 -0.30670017 0.04516529 246.31952854
0.15466017 0.59551691 0.78831455 5.69409431
-0.26867290 -0.74249216 0.61361247 248.06778305
0.00000000 0.00000000 0.00000000 1.00000000
117	117	118
0.95087918 -0.30622454 0.04533555 246.27285148
0.15419804 0.59553039 0.78839490 5.76603556
-0.26842457 -0.74267765 0.61349667 248.03832393
0.00000000 0.00000000 0.00000000 1.00000000
118	118	119
0.95075742 -0.30666350 0.04492035 246.35614828
0.15467859 0.59507565 0.78864409 5.63801308
-0.26857936 -0.74286100 0.61320687 248.10945708
0.00000000 0.00000000 0.00000000 1.00000000
119	119	120
0.95068360 -0.30690299 0.04484690 246.37852635
0.15490723 0.59508590 0.78859148 5.60507629
-0.26870884 -0.74275388 0.61327990 248.12346042
0.00000000 0.00000000 0.00000000 1.00000000
120	120	121
0.95062700 -0.30710642 0.04465362 246.41655840
0.15523440 0.59516190 0.78846978 5.56955498
-0.26872026 -0.74260889 0.61345046 248.09992649
0.00000000 0.00000000 0.00000000 1.00000000
121	121	122
0.95076452 -0.30668522 0.04462070 246.40297470
0.15505301 0.59538284 0.78833866 5.62049390
-0.26833821 -0.74260585 0.61362134 248.00979121
0.00000000 0.00000000 0.00000000 1.00000000
122	122	123
0.95060817 -0.30719764 0.04442646 246.45516527
0.15548899 0.59517208 0.78841193 5.53563759
-0.26863967 -0.74256300 0.61354130 248.07105242
0.00000000 0.00000000 0.00000000 1.00000000
123	123	124
0.95075291 -0.30672454 0.04459770 246.40929776
0.15512958 0.59546743 0.78825970 5.61771667
-0.26833508 -0.74252178 0.61372444 247.99549590
0.00000000 0.00000000 0.00000000 1.00000000
124	124	125
0.95085310 -0.30644541 0.04438018 246.43017749
0.15511520 0.59545784 0.78826978 5.61835219
-0.26798818 -0.74264472 0.61372727 247.94093263
0.00000000 0.00000000 0.00000000 1.00000000
125	125	126
0.95089225 -0.30631800 0.04442083 246.41898130
0.15506083 0.59564250 0.78814095 5.64809612
-0.26788069 -0.74254919 0.61388976 247.90036968
0.00000000 0.00000000 0.00000000 1.00000000
126	126	127
0.95085512 -0.30643852 0.04438433 246.42884763
0.15518744 0.59568065 0.78808719 5.63834377
-0.26793915 -0.74246885 0.61396141 247.89769319
0.00000000 0.00000000 0.00000000 1.00000000
127	127	128
0.95081308 -0.30666251 0.04373309 246.53556676
0.15581266 0.59549192 0.78810646 5.54876002
-0.26772540 -0.74252776 0.61398341 247.86511975
0.00000000 0.00000000 0.00000000 1.00000000
128	128	129
0.95078569 -0.30675536 0.04367748 246.54829543
0.15589836 0.59542528 0.78813986 5.53080394
-0.26777280 -0.74254285 0.61394449 247.87822824
0.00000000 0.00000000 0.00000000 1.00000000
129	129	130
0.95058697 -0.30724185 0.04457415 246.42487228
0.15547812 0.59539677 0.78824440 5.56573644
-0.26872097 -0.74236455 0.61374580 248.03440830
0.00000000 0.00000000 0.00000000 1.00000000
130	130	131
0.95067784 -0.30692827 0.04479600 246.38292029
0.15512186 0.59551460 0.78822558 5.61323401
-0.26860539 -0.74239975 0.61375382 248.01763848
0.00000000 0.00000000 0.00000000 1.00000000
131	131	132
0.95049211 -0.30747575 0.04498230 246.36847271
0.15534377 0.59551744 0.78817974 5.59348859
-0.26913390 -0.74217090 0.61379907 248.07544253
0.00000000 0.00000000 0.00000000 1.00000000
132	132	133
0.95040326 -0.30779293 0.04468958 246.42574488
0.15569940 0.59522888 0.78832752 5.52627075
-0.26924216 -0.74227090 0.61363064 248.11462586
0.00000000 0.00000000 0.00000000 1.00000000
133	133	134
0.95046378 -0.30764419 0.04442573 246.46506983
0.15585343 0.59533149 0.78821959 5.52682235
-0.26893922 -0.74225027 0.61378842 248.05525721
0.00000000 0.00000000 0.00000000 1.00000000
134	134	135
0.95044071 -0.30772222 0.04437905 246.47442892
0.15598356 0.59543608 0.78811484 5.53272570
-0.26894534 -0.74213402 0.61392630 248.03400476
0.00000000 0.00000000 0.00000000 1.00000000
135	135	136
0.95052855 -0.30732903 0.04521430 246.33053178
0.15515783 0.59581262 0.78799326 5.63615473
-0.26911246 -0.74199474 0.61402141 248.03506573
0.00000000 0.00000000 0.00000000 1.00000000
136	136	137
0.95041486 -0.30773909 0.04481335 246.40494323
0.15554792 0.59519607 0.78838219 5.52880353
-0.26928875 -0.74231953 0.61355137 248.12844522
0.00000000 0.00000000 0.00000000 1.00000000
137	137	138
0.95040913 -0.30771817 0.04507776 246.36089081
0.15542477 0.59550059 0.78817649 5.57534866
-0.26938006 -0.74208394 0.61379623 248.09698824
0.00000000 0.00000000 0.00000000 1.00000000
138	138	139
0.95051869 -0.30744014 0.04466298 246.42166455
0.15558833 0.59552900 0.78812276 5.57039911
-0.26889867 -0.74217637 0.61389554 248.04045496
0.00000000 0.00000000 0.00000000 1.00000000
139	139	140
0.95040396 -0.30787131 0.04413128 246.51681407
0.15630159 0.59546453 0.78803034 5.52929026
-0.26889054 -0.74204936 0.61405262 248.01449596
0.00000000 0.00000000 0.00000000 1.00000000
140	140	141
0.95039691 -0.30793033 0.04387058 246.55979743
0.15654105 0.59541704 0.78801868 5.51318434
-0.26877614 -0.74206298 0.61408625 248.00025781
0.00000000 0.00000000 0.00000000 1.00000000
141	141	142
0.95030596 -0.30816045 0.04422356 246.50894125
0.15636208 0.59529523 0.78814624 5.50569376
-0.26920158 -0.74206518 0.61389721 248.06193078
0.00000000 0.00000000 0.00000000 1.00000000
142	142	143
0.95038062 -0.30796634 0.04397061 246.54881307
0.15645617 0.59534349 0.78809111 5.50866045
-0.26888315 -0.74210704 0.61398615 248.02515448
0.00000000 0.00000000 0.00000000 1.00000000
143	143	144
0.95053506 -0.30746532 0.04413804 246.51079944
0.15597645 0.59535111 0.78818043 5.52177220
-0.26861578 -0.74230865 0.61385946 248.02913567
0.00000000 0.00000000 0.00000000 1.00000000
144	144	145
0.95054996 -0.30739415 0.04431254 246.48150494
0.15574203 0.59523804 0.78831218 5.51214520
-0.26869906 -0.74242879 0.61367769 248.06377917
0.00000000 0.00000000 0.00000000 1.00000000
145	145	146
0.95054042 -0.30741529 0.04437069 246.47057559
0.15576737 0.59540124 0.78818392 5.53274949
-0.26871815 -0.74228916 0.61383822 248.03829131
0.00000000 0.00000000 0.00000000 1.00000000
146	146	147
0.95048061 -0.30764665 0.04404707 246.52821487
0.15624865 0.59555116 0.78797536 5.54645758
-0.26865027 -0.74207301 0.61412921 247.98661053
0.00000000 0.00000000 0.00000000 1.00000000
147	147	148
0.95052608 -0.30753043 0.04387717 246.55532523
0.15627930 0.59546695 0.78803293 5.53463209
-0.26847151 -0.74218876 0.61406750 247.98913397
0.00000000 0.00000000 0.00000000 1.00000000
148	148	149
0.95048394 -0.30764653 0.04397597 246.53934848
0.15622579 0.59532539 0.78815048 5.51595289
-0.26865177 -0.74225420 0.61390955 248.02220398
0.00000000 0.00000000 0.00000000 1.00000000
149	149	150
0.95047458 -0.30764353 0.04419864 246.50239468
0.15605279 0.59536322 0.78815618 5.52025540
-0.26878540 -0.74222510 0.61388624 248.02987304
0.00000000 0.00000000 0.00000000 1.00000000
150	150	151
0.95040923 -0.30787187 0.04401371 246.53499508
0.15637196 0.59538860 0.78807374 5.52354823
-0.26883100 -0.74211005 0.61400535 248.01043198
0.00000000 0.00000000 0.00000000 1.00000000
151	151	152
0.95043082 -0.30781555 0.04394131 246.54703564
0.15650339 0.59569244 0.78781801 5.56651225
-0.26867814 -0.74188955 0.61433863 247.95258286
0.00000000 0.00000000 0.00000000 1.00000000
152	152	153
0.95056796 -0.30734742 0.04425067 246.49324090
0.15601239 0.59593195 0.78773425 5.59119280
-0.26847848 -0.74189128 0.61442382 247.93525591
0.00000000 0.00000000 0.00000000 1.00000000
153	153	154
0.95055088 -0.30740674 0.04420538 246.50050789
0.15607310 0.59588351 0.78775887 5.58539842
-0.26850364 -0.74190561 0.61439552 247.94076849
0.00000000 0.00000000 0.00000000 1.00000000
154	154	155
0.95057493 -0.30729578 0.04445913 246.45693484
0.15587554 0.59612903 0.78761221 5.61545031
-0.26853329 -0.74175433 0.61456521 247.91305743
0.00000000 0.00000000 0.00000000 1.00000000
155	155	156
0.95059270 -0.30722291 0.04458257 246.43555537
0.15574756 0.59619621 0.78758668 5.62228011
-0.26854463 -0.74173052 0.61458898 247.90997898
0.00000000 0.00000000 0.00000000 1.00000000
156	156	157
0.95056690 -0.30729154 0.04465954 246.42259095
0.15574485 0.59623471 0.78755807 5.62753034
-0.26863750 -0.74167114 0.61462005 247.90516405
0.00000000 0.00000000 0.00000000 1.00000000
157	157	158
0.95045431 -0.30761311 0.04484176 246.39104650
0.15587064 0.59638897 0.78741637 5.65223948
-0.26896273 -0.74141377 0.61478832 247.87888190
0.00000000 0.00000000 0.00000000 1.00000000
158	158	159
0.95041006 -0.30775887 0.04477940 246.40110377
0.15602039 0.59638329 0.78739101 5.65521742
-0.26903226 -0.74135784 0.61482534 247.87230280
0.00000000 0.00000000 0.00000000 1.00000000
159	159	160
0.95034039 -0.30796251 0.04485793 246.38601492
0.15606533 0.59630088 0.78744452 5.64569057
-0.26925222 -0.74133957 0.61475108 247.88559440
0.00000000 0.00000000 0.00000000 1.00000000
160	160	161
0.95030169 -0.30807023 0.04493809 246.37299904
0.15614739 0.59650580 0.78727303 5.67596944
-0.26934122 -0.74112992 0.61496483 247.84829028
0.00000000 0.00000000 0.00000000 1.00000000
161	161	162
0.95029348 -0.30808600 0.04500347 246.36051289
0.15607803 0.59643414 0.78734107 5.66352954
-0.26941036 -0.74118104 0.61487293 247.86414678
0.00000000 0.00000000 0.00000000 1.00000000
162	162	163
0.95029245 -0.30808222 0.04505116 246.35254297
0.15604325 0.59645431 0.78733269 5.66469320
-0.26943416 -0.74116638 0.61488018 247.86249719
0.00000000 0.00000000 0.00000000 1.00000000
163	163	164
0.95026826 -0.30815759 0.04504594 246.35370814
0.15613477 0.59655165 0.78724079 5.68185258
-0.26946646 -0.74105670 0.61499821 247.84158529
0.00000000 0.00000000 0.00000000 1.00000000
164	164	165
0.95029262 -0.30806832 0.04514255 246.33630326
0.15602267 0.59663223 0.78720195 5.69012733
-0.26944548 -0.74102894 0.61504084 247.83381418
0.00000000 0.00000000 0.00000000 1.00000000
165	165	166
0.95038590 -0.30777738 0.04516323 246.33434301
0.15587142 0.59681359 0.78709443 5.70947756
-0.26920389 -0.74100379 0.61517692 247.80895135
0.00000000 0.00000000 0.00000000 1.00000000
166	166	167
0.95030361 -0.30803840 0.04511537 246.34199363
0.15605832 0.59672497 0.78712459 5.70402944
-0.26938607 -0.74096671 0.61514184 247.81450433
0.00000000 0.00000000 0.00000000 1.00000000
167	167	168
0.95016650 -0.30843751 0.04527606 246.30717426
0.15608524 0.59641063 0.78735746 5.65706552
-0.26985370 -0.74105375 0.61483194 247.87132291
0.00000000 0.00000000 0.00000000 1.00000000
168	168	169
0.95015035 -0.30850257 0.04517168 246.32740464
0.15627590 0.59657385 0.78719596 5.69047539
-0.26980022 -0.74089527 0.61504637 247.83122202
0.00000000 0.00000000 0.00000000 1.00000000
169	169	170
0.95014928 -0.30857482 0.04469819 246.42024949
0.15666481 0.59642805 0.78722914 5.68420558
-0.26957835 -0.74098256 0.61503850 247.83206490
0.00000000 0.00000000 0.00000000 1.00000000
170	170	171
0.95016332 -0.30850886 0.04485483 246.39056114
0.15632646 0.59597947 0.78763603 5.59875948
-0.26972525 -0.74137087 0.61450592 247.93718754
0.00000000 0.00000000 0.00000000 1.00000000
171	171	172
0.95021218 -0.30835335 0.04488905 246.38424526
0.15616239 0.59590011 0.78772861 5.57789141
-0.26964814 -0.74149934 0.61438474 247.96242316
0.00000000 0.00000000 0.00000000 1.00000000
172	172	173
0.95035295 -0.30788709 0.04510886 246.33979021
0.15573192 0.59609812 0.78766401 5.58995390
-0.26940088 -0.74153393 0.61445146 247.94945273
0.00000000 0.00000000 0.00000000 1.00000000
173	173	174
0.95044551 -0.30758800 0.04519916 246.32046379
0.15545246 0.59610019 0.78771765 5.57342225
-0.26923572 -0.74165638 0.61437606 247.96400814
0.00000000 0.00000000 0.00000000 1.00000000
174	174	175
0.95041365 -0.30768368 0.04521786 246.31584939
0.15551383 0.59613097 0.78768224 5.58138548
-0.26931274 -0.74159195 0.61442008 247.95352724
0.00000000 0.00000000 0.00000000 1.00000000
175	175	176
0.95050188 -0.30737710 0.04544777 246.26812468
0.15512965 0.59617740 0.78772286 5.57078231
-0.26922290 -0.74168176 0.61435104 247.96867778
0.00000000 0.00000000 0.00000000 1.00000000
176	176	177
0.95045869 -0.30753321 0.04529464 246.30117643
0.15533084 0.59608677 0.78775179 5.56488236
-0.26925937 -0.74168988 0.61432525 247.97310734
0.00000000 0.00000000 0.00000000 1.00000000
177	177	178
0.95043664 -0.30758015 0.04543842 246.26848724
0.15528197 0.59619160 0.78768210 5.57960825
-0.26936538 -0.74158616 0.61440399 247.95426213
0.00000000 0.00000000 0.00000000 1.00000000
178	178	179
0.95044964 -0.30752847 0.04551618 246.25178361
0.15523982 0.59635067 0.78756998 5.60575946
-0.26934379 -0.74147968 0.61454194 247.92288229
0.00000000 0.00000000 0.00000000 1.00000000
179	179	180
0.95047122 -0.30750609 0.04521564 246.31998566
0.15552367 0.59648895 0.78740924 5.64181322
-0.26910377 -0.74137773 0.61477006 247.87213486
0.00000000 0.00000000 0.00000000 1.00000000
180	180	181
0.95036066 -0.30786649 0.04508695 246.34656291
0.15583664 0.59637537 0.78743340 5.63633467
-0.26931310 -0.74131953 0.61474857 247.87751644
0.00000000 0.00000000 0.00000000 1.00000000
181	181	182
0.95034104 -0.30794288 0.04497883 246.37218240
0.15585226 0.59602722 0.78769386 5.57225415
-0.26937333 -0.74156775 0.61442272 247.95135735
0.00000000 0.00000000 0.00000000 1.00000000
182	182	183
0.95031507 -0.30794626 0.04550128 246.25190122
0.15546015 0.59613343 0.78769097 5.57374177
-0.26969132 -0.74148097 0.61438796 247.95963093
0.00000000 0.00000000 0.00000000 1.00000000
183	183	184
0.95026499 -0.30810381 0.04548058 246.25582824
0.15560436 0.59618523 0.78762330 5.59016047
-0.26978459 -0.74137387 0.61447625 247.93947872
0.00000000 0.00000000 0.00000000 1.00000000
184	184	185
0.95009082 -0.30866801 0.04529342 246.29731203
0.15602653 0.59585409 0.78779034 5.54878457
-0.27015395 -0.74140540 0.61427590 247.98831617
0.00000000 0.00000000 0.00000000 1.00000000
185	185	186
0.95014996 -0.30843074 0.04566766 246.21198594
0.15554610 0.59583452 0.78790015 5.52458515
-0.27022300 -0.74151986 0.61410734 248.02738609
0.00000000 0.00000000 0.00000000 1.00000000
186	186	187
0.94997501 -0.30899400 0.04549942 246.25040008
0.15596081 0.59552831 0.78804965 5.48344866
-0.27059881 -0.74153134 0.61392797 248.07456800
0.00000000 0.00000000 0.00000000 1.00000000
187	187	188
0.95021331 -0.30820801 0.04585286 246.17001565
0.15521958 0.59577958 0.78800607 5.50543621
-0.27018798 -0.74165660 0.61395761 248.06196455
0.00000000 0.00000000 0.00000000 1.00000000
188	188	189
0.95040099 -0.30761104 0.04597167 246.14435812
0.15471224 0.59578202 0.78810400 5.49231653
-0.26981859 -0.74190244 0.61382302 248.08651512
0.00000000 0.00000000 0.00000000 1.00000000
189	189	190
0.95039272 -0.30765958 0.04581775 246.17921206
0.15499114 0.59610641 0.78780384 5.55640727
-0.26968765 -0.74162169 0.61421970 247.99312929
0.00000000 0.00000000 0.00000000 1.00000000
190	190	191
0.95022652 -0.30827856 0.04509859 246.34690114
0.15585530 0.59567463 0.78795993 5.49603394
-0.26977524 -0.74171157 0.61407268 248.02781382
0.00000000 0.00000000 0.00000000 1.00000000
191	191	192
0.94995425 -0.30911077 0.04513814 246.33792834
0.15642935 0.59577131 0.78777306 5.52208794
-0.27040115 -0.74128744 0.61430949 247.99503270
0.00000000 0.00000000 0.00000000 1.00000000
192	192	193
0.95006388 -0.30881722 0.04483918 246.40566650
0.15666297 0.59628597 0.78733713 5.61935900
-0.26988024 -0.74099592 0.61488999 247.84332479
0.00000000 0.00000000 0.00000000 1.00000000
193	193	194
0.95023762 -0.30836487 0.04426710 246.53563587
0.15687129 0.59641072 0.78720115 5.64349536
-0.26914655 -0.74108391 0.61510550 247.76436459
0.00000000 0.00000000 0.00000000 1.00000000
194	194	195
0.95039729 -0.30782380 0.04460389 246.45482438
0.15604316 0.59592230 0.78773545 5.55131673
-0.26906417 -0.74170150 0.61439674 247.92042194
0.00000000 0.00000000 0.00000000 1.00000000
195	195	196
0.95032706 -0.30801365 0.04478923 246.41381729
0.15602012 0.59592292 0.78773955 5.55123650
-0.26932546 -0.74162219 0.61437800 247.93785293
0.00000000 0.00000000 0.00000000 1.00000000
196	196	197
0.95039074 -0.30778723 0.04499399 246.36438016
0.15560076 0.59566351 0.78801865 5.50515580
-0.26934336 -0.74192453 0.61400501 248.02576913
0.00000000 0.00000000 0.00000000 1.00000000
197	197	198
0.95039135 -0.30780711 0.04484490 246.39883477
0.15568392 0.59551446 0.78811487 5.47587708
-0.26929315 -0.74203592 0.61389241 248.04767787
0.00000000 0.00000000 0.00000000 1.00000000
198	198	199
0.95043255 -0.30778154 0.04414178 246.55789040
0.15615429 0.59525195 0.78822012 5.42140286
-0.26887508 -0.74225713 0.61380823 248.04106191
0.00000000 0.00000000 0.00000000 1.00000000
199	199	200
0.95013731 -0.30857568 0.04494600 246.38273011
0.15585690 0.59477067 0.78864217 5.33478221
-0.27008836 -0.74231320 0.61320746 248.25211478
0.00000000 0.00000000 0.00000000 1.00000000
200	200	201
0.95002411 -0.30893482 0.04487163 246.40315372
0.15610695 0.59461150 0.78871274 5.30028196
-0.27034201 -0.74229135 0.61312214 248.28890879
0.00000000 0.00000000 0.00000000 1.00000000
201	201	202
0.94998912 -0.30908185 0.04459907 246.46972533
0.15647449 0.59472251 0.78855619 5.31372567
-0.27025248 -0.74214119 0.61334334 248.23188282
0.00000000 0.00000000 0.00000000 1.00000000
202	202	203
0.95007513 -0.30889248 0.04407580 246.58719736
0.15669846 0.59450120 0.78867859 5.26771089
-0.26982000 -0.74239730 0.61322379 248.22829467
0.00000000 0.00000000 0.00000000 1.00000000
203	203	204
0.95011948 -0.30871855 0.04433775 246.52697935
0.15624905 0.59419109 0.78900138 5.22468287
-0.26992446 -0.74271785 0.61278951 248.33415653
0.00000000 0.00000000 0.00000000 1.00000000
204	204	205
0.95053714 -0.30737518 0.04471736 246.41605618
0.15531665 0.59502650 0.78855577 5.40838280
-0.26899048 -0.74260620 0.61333527 248.13470709
0.00000000 0.00000000 0.00000000 1.00000000
205	205	206
0.95038518 -0.30785517 0.04464523 246.44167109
0.15576170 0.59518157 0.78835093 5.42019834
-0.26926993 -0.74228303 0.61360379 248.09814964
0.00000000 0.00000000 0.00000000 1.00000000
206	206	207
0.95040642 -0.30779048 0.04463922 246.44166082
0.15564152 0.59495872 0.78854286 5.38240483
-0.26926448 -0.74248848 0.61335756 248.15184851
