0	0	1
0.99977794 0.01228919 0.01711867 -0.21345163
-0.01280368 0.99945956 0.03027619 2.27205265
-0.01673735 -0.03048865 0.99939497 -0.74595850
0.00000000 0.00000000 0.00000000 1.00000000
1	1	2
0.99977149 0.01211747 0.01761066 -0.22535367
-0.01267501 0.99941069 0.03190002 2.29203625
-0.01721374 -0.03211595 0.99933591 -0.75171176
0.00000000 0.00000000 0.00000000 1.00000000
2	2	3
0.99976242 0.01072823 0.01897380 -0.21266486
-0.01128810 0.99949658 0.02965074 2.23148670
-0.01864615 -0.02985787 0.99938022 -0.76559885
0.00000000 0.00000000 0.00000000 1.00000000
3	3	4
0.99975442 0.01095206 0.01926531 -0.22147169
-0.01154198 0.99945951 0.03078089 2.24933672
-0.01891778 -0.03099569 0.99934047 -0.77961082
0.00000000 0.00000000 0.00000000 1.00000000
4	4	5
0.99975795 0.01119378 0.01894052 -0.22448234
-0.01176635 0.99946874 0.03039392 2.23844807
-0.01859024 -0.03060942 0.99935853 -0.78589439
0.00000000 0.00000000 0.00000000 1.00000000
5	5	6
0.99972715 0.01217108 0.01993719 -0.19735570
-0.01275698 0.99948252 0.02952888 2.21605685
-0.01956747 -0.02977516 0.99936508 -0.80757354
0.00000000 0.00000000 0.00000000 1.00000000
6	6	7
0.99969102 0.01424270 0.02037162 -0.18527593
-0.01482322 0.99948000 0.02863557 2.20169220
-0.01995317 -0.02892869 0.99938231 -0.81025961
0.00000000 0.00000000 0.00000000 1.00000000
7	7	8
0.99968126 0.01456510 0.02062105 -0.17110487
-0.01510370 0.99954239 0.02620867 2.15811662
-0.02022988 -0.02651177 0.99944378 -0.82683452
0.00000000 0.00000000 0.00000000 1.00000000
8	8	9
0.99966912 0.01299020 0.02220154 -0.15034643
-0.01346087 0.99968498 0.02118352 2.05572540
-0.02191937 -0.02147536 0.99952906 -0.83414272
0.00000000 0.00000000 0.00000000 1.00000000
9	9	10
0.99966464 0.01370429 0.02197284 -0.14609470
-0.01424378 0.99959621 0.02458715 2.02770188
-0.02162702 -0.02489188 0.99945619 -0.83096497
0.00000000 0.00000000 0.00000000 1.00000000
10	10	11
0.99967331 0.01343760 0.02174172 -0.15025593
-0.01397857 0.99959161 0.02492401 2.02453489
-0.02139793 -0.02521979 0.99945290 -0.83104119
0.00000000 0.00000000 0.00000000 1.00000000
11	11	12
0.99965099 0.01316817 0.02290190 -0.14641653
-0.01364063 0.99969479 0.02059757 2.03241486
-0.02262367 -0.02090278 0.99952551 -0.88305853
0.00000000 0.00000000 0.00000000 1.00000000
12	12	13
0.99963301 0.01379997 0.02331115 -0.15082632
-0.01434072 0.99962818 0.02319147 2.01468311
-0.02298244 -0.02351726 0.99945923 -0.90168754
0.00000000 0.00000000 0.00000000 1.00000000
13	13	14
0.99964924 0.01223042 0.02349056 -0.12454046
-0.01285900 0.99955819 0.02679673 2.08410265
-0.02315244 -0.02708939 0.99936486 -0.92134346
0.00000000 0.00000000 0.00000000 1.00000000
14	14	15
0.99962031 0.01408120 0.02368459 -0.11863584
-0.01488764 0.99930326 0.03422502 2.03058188
-0.02318615 -0.03456463 0.99913347 -0.92984377
0.00000000 0.00000000 0.00000000 1.00000000
15	15	16
0.99964338 0.01511539 0.02201470 -0.12712599
-0.01580863 0.99937354 0.03166419 1.97566600
-0.02152230 -0.03200092 0.99925609 -0.86263778
0.00000000 0.00000000 0.00000000 1.00000000
16	16	17
0.99965787 0.01538274 0.02115465 -0.11200481
-0.01587677 0.99960041 0.02338682 1.94246886
-0.02078644 -0.02371469 0.99950264 -0.85088872
0.00000000 0.00000000 0.00000000 1.00000000
17	17	18
0.99961017 0.01766911 0.02161722 -0.10729808
-0.01836018 0.99931284 0.03219871 1.83244493
-0.02103344 -0.03258305 0.99924769 -0.86721716
0.00000000 0.00000000 0.00000000 1.00000000
18	18	19
0.99963112 0.01674830 0.02138034 -0.07619955
-0.01732193 0.99948717 0.02693246 1.87843721
-0.02091830 -0.02729288 0.99940859 -0.88613428
0.00000000 0.00000000 0.00000000 1.00000000
19	19	20
0.99962777 0.01659866 0.02165208 -0.07147779
-0.01719414 0.99947082 0.02761223 1.88761249
-0.02118229 -0.02797425 0.99938419 -0.91049292
0.00000000 0.00000000 0.00000000 1.00000000
20	20	21
0.99962714 0.01805298 0.02048586 -0.06886736
-0.01861075 0.99945208 0.02737113 1.82248676
-0.01998050 -0.02774218 0.99941540 -0.85387751
0.00000000 0.00000000 0.00000000 1.00000000
21	21	22
0.99962162 0.01884013 0.02004150 -0.05722145
-0.01936290 0.99946869 0.02621857 1.77704244
-0.01953689 -0.02659671 0.99945531 -0.83256395
0.00000000 0.00000000 0.00000000 1.00000000
22	22	23
0.99962009 0.01900155 0.01996523 -0.06278140
-0.01953978 0.99944124 0.02711832 1.79059975
-0.01943878 -0.02749814 0.99943283 -0.83939465
0.00000000 0.00000000 0.00000000 1.00000000
23	23	24
0.99962599 0.01854496 0.02009901 -0.06505537
-0.01905231 0.99949701 0.02535233 1.83417873
-0.01961874 -0.02572578 0.99947651 -0.87145401
0.00000000 0.00000000 0.00000000 1.00000000
24	24	25
0.99959053 0.01991114 0.02055055 -0.06532473
-0.02051005 0.99935857 0.02935633 1.75597907
-0.01995285 -0.02976580 0.99935773 -0.89974401
0.00000000 0.00000000 0.00000000 1.00000000
25	25	26
0.99957662 0.02047680 0.02067085 -0.08744495
-0.02096579 0.99949870 0.02372313 1.69286045
-0.02017472 -0.02414647 0.99950484 -0.93385077
0.00000000 0.00000000 0.00000000 1.00000000
26	26	27
0.99952905 0.02256244 0.02079916 -0.10190720
-0.02324632 0.99917680 0.03324657 1.55505329
-0.02003191 -0.03371442 0.99923073 -0.90175823
0.00000000 0.00000000 0.00000000 1.00000000
27	27	28
0.99952106 0.02361758 0.01999632 -0.12409226
-0.02431222 0.99908314 0.03523907 1.46173378
-0.01914572 -0.03570834 0.99917884 -0.81456385
0.00000000 0.00000000 0.00000000 1.00000000
28	28	29
0.99947666 0.02505666 0.02045917 -0.14509578
-0.02589859 0.99878271 0.04198043 1.34678452
-0.01938238 -0.04248832 0.99890894 -0.82202298
0.00000000 0.00000000 0.00000000 1.00000000
29	29	30
0.99947896 0.02599126 0.01913797 -0.16693684
-0.02662503 0.99907925 0.03364152 1.21930135
-0.01824597 -0.03413355 0.99925071 -0.73221659
0.00000000 0.00000000 0.00000000 1.00000000
30	30	31
0.99948199 0.02628561 0.01856934 -0.18052417
-0.02689168 0.99908757 0.03317925 1.18666243
-0.01768026 -0.03366143 0.99927690 -0.69320453
0.00000000 0.00000000 0.00000000 1.00000000
31	31	32
0.99956653 0.02438954 0.01648953 -0.19730884
-0.02491632 0.99916001 0.03253371 1.32962109
-0.01568220 -0.03293047 0.99933461 -0.54138011
0.00000000 0.00000000 0.00000000 1.00000000
32	32	33
0.99951205 0.02685601 0.01595017 -0.23043324
-0.02755348 0.99859566 0.04524948 1.20878859
-0.01471255 -0.04566688 0.99884838 -0.46282400
0.00000000 0.00000000 0.00000000 1.00000000
33	33	34
0.99955495 0.02443485 0.01711266 -0.26467434
-0.02522813 0.99853894 0.04778625 1.38213226
-0.01592001 -0.04819670 0.99871098 -0.56869636
0.00000000 0.00000000 0.00000000 1.00000000
34	34	35
0.99955414 0.02538266 0.01572393 -0.30535441
-0.02609033 0.99857437 0.04656735 1.31189108
-0.01451951 -0.04695683 0.99879139 -0.45628196
0.00000000 0.00000000 0.00000000 1.00000000
35	35	36
0.99952396 0.02556012 0.01727792 -0.35894495
-0.02636896 0.99848326 0.04833072 1.26029333
-0.01601637 -0.04876332 0.99868194 -0.57676363
0.00000000 0.00000000 0.00000000 1.00000000
36	36	37
0.99950757 0.02572977 0.01796104 -0.40643339
-0.02655179 0.99853549 0.04713678 1.24556420
-0.01672192 -0.04759047 0.99872695 -0.62288444
0.00000000 0.00000000 0.00000000 1.00000000
37	37	38
0.99957887 0.02280613 0.01794344 -0.42399114
-0.02364660 0.99856196 0.04811299 1.45544472
-0.01682037 -0.04851703 0.99868072 -0.62232773
0.00000000 0.00000000 0.00000000 1.00000000
38	38	39
0.99958170 0.02360275 0.01671348 -0.43640744
-0.02438287 0.99854381 0.04812216 1.37211230
-0.01555333 -0.04850956 0.99870162 -0.52950843
0.00000000 0.00000000 0.00000000 1.00000000
39	39	40
0.99958584 0.02464078 0.01486556 -0.42483368
-0.02534281 0.99847487 0.04904769 1.28282938
-0.01363432 -0.04940411 0.99868581 -0.38186907
0.00000000 0.00000000 0.00000000 1.00000000
40	40	41
0.99956152 0.02558183 0.01491111 -0.45276321
-0.02632474 0.99830207 0.05196145 1.12236372
-0.01355653 -0.05233120 0.99853776 -0.36512313
0.00000000 0.00000000 0.00000000 1.00000000
41	41	42
0.99952768 0.02649926 0.01556317 -0.50162125
-0.02734272 0.99801410 0.05674717 0.86175416
-0.01402851 -0.05714590 0.99826727 -0.37924762
0.00000000 0.00000000 0.00000000 1.00000000
42	42	43
0.99963545 0.02183320 0.01588309 -0.51958633
-0.02279054 0.99776435 0.06282429 0.98365179
-0.01447593 -0.06316337 0.99789821 -0.39638865
0.00000000 0.00000000 0.00000000 1.00000000
43	43	44
0.99965841 0.02189163 0.01427652 -0.48656949
-0.02272269 0.99788447 0.06091195 1.05377952
-0.01291285 -0.06121554 0.99804104 -0.26602240
0.00000000 0.00000000 0.00000000 1.00000000
44	44	45
0.99972743 0.01841599 0.01434959 -0.51262149
-0.01931793 0.99766670 0.06548261 1.14995935
-0.01311018 -0.06574196 0.99775053 -0.26234881
0.00000000 0.00000000 0.00000000 1.00000000
45	45	46
0.99969980 0.01965922 0.01462278 -0.53668320
-0.02058771 0.99758606 0.06631895 1.00975686
-0.01328370 -0.06660009 0.99769132 -0.27074248
0.00000000 0.00000000 0.00000000 1.00000000
46	46	47
0.99965188 0.02106648 0.01588463 -0.61630744
-0.02207751 0.99754768 0.06641701 0.87695380
-0.01444650 -0.06674458 0.99766550 -0.34845428
0.00000000 0.00000000 0.00000000 1.00000000
47	47	48
0.99963675 0.02227201 0.01517659 -0.58392341
-0.02320665 0.99764919 0.06447898 0.89462187
-0.01370484 -0.06480776 0.99780365 -0.29037977
0.00000000 0.00000000 0.00000000 1.00000000
48	48	49
0.99963519 0.02166593 0.01612701 -0.67212347
-0.02262670 0.99782011 0.06199236 1.10906206
-0.01474873 -0.06233465 0.99794632 -0.38874173
0.00000000 0.00000000 0.00000000 1.00000000
49	49	50
0.99941399 0.02938373 0.01755784 -0.88296684
-0.03042294 0.99760068 0.06218781 0.40513523
-0.01568841 -0.06268553 0.99791001 -0.46377115
0.00000000 0.00000000 0.00000000 1.00000000
50	50	51
0.99936423 0.03212359 0.01546613 -0.78969895
-0.03301190 0.99758605 0.06109248 0.22175906
-0.01346628 -0.06156421 0.99801228 -0.32562060
0.00000000 0.00000000 0.00000000 1.00000000
51	51	52
0.99940690 0.03039386 0.01618861 -0.86133599
-0.03130214 0.99775701 0.05917037 0.49267856
-0.01435388 -0.05964202 0.99811662 -0.39197976
0.00000000 0.00000000 0.00000000 1.00000000
52	52	53
0.99948407 0.02769800 0.01626082 -0.88427979
-0.02868471 0.99754012 0.06396017 0.28879859
-0.01444925 -0.06439361 0.99781996 -0.36792270
0.00000000 0.00000000 0.00000000 1.00000000
53	53	54
0.99946264 0.02881442 0.01562543 -0.86184923
-0.02972615 0.99765498 0.06165136 0.36304777
-0.01381234 -0.06208272 0.99797543 -0.32078137
0.00000000 0.00000000 0.00000000 1.00000000
54	54	55
0.99951947 0.02668310 0.01577448 -0.88082895
-0.02760474 0.99772989 0.06142512 0.51866340
-0.01409965 -0.06183106 0.99798703 -0.33983172
0.00000000 0.00000000 0.00000000 1.00000000
55	55	56
0.99947877 0.02770423 0.01657273 -0.95680517
-0.02869460 0.99761032 0.06285119 0.26744810
-0.01479188 -0.06329398 0.99788530 -0.36829254
0.00000000 0.00000000 0.00000000 1.00000000
56	56	57
0.99947818 0.02792805 0.01622947 -0.92736562
-0.02896391 0.99729547 0.06754881 -0.17305422
-0.01429907 -0.06798363 0.99758396 -0.29548390
0.00000000 0.00000000 0.00000000 1.00000000
57	57	58
0.99945726 0.02868380 0.01619951 -0.92245550
-0.02971212 0.99729174 0.06727828 -0.23673319
-0.01422584 -0.06772309 0.99760273 -0.28277073
0.00000000 0.00000000 0.00000000 1.00000000
58	58	59
0.99950314 0.02679290 0.01660170 -0.95233074
-0.02787749 0.99722935 0.06896714 -0.25380891
-0.01470787 -0.06939568 0.99748079 -0.30896840
0.00000000 0.00000000 0.00000000 1.00000000
59	59	60
0.99948284 0.02725958 0.01705763 -0.98452544
-0.02839460 0.99712334 0.07027658 -0.43711457
-0.01509285 -0.07072458 0.99738169 -0.32521728
0.00000000 0.00000000 0.00000000 1.00000000
60	60	61
0.99954441 0.02576487 0.01572086 -0.82549269
-0.02683054 0.99705558 0.07183522 -0.47867918
-0.01382374 -0.07222429 0.99729261 -0.19456517
0.00000000 0.00000000 0.00000000 1.00000000
61	61	62
0.99961952 0.02339794 0.01460647 -0.69457015
-0.02444231 0.99681021 0.07597350 -0.66782346
-0.01278226 -0.07630161 0.99700285 -0.06836055
0.00000000 0.00000000 0.00000000 1.00000000
62	62	63
0.99961965 0.02375043 0.01401661 -0.61384632
-0.02475685 0.99675192 0.07663362 -0.77495570
-0.01215100 -0.07695148 0.99696079 -0.00618908
0.00000000 0.00000000 0.00000000 1.00000000
63	63	64
0.99966065 0.02264717 0.01287172 -0.46570622
-0.02358088 0.99669534 0.07773248 -0.79182502
-0.01106876 -0.07800963 0.99689116 0.09893220
0.00000000 0.00000000 0.00000000 1.00000000
64	64	65
0.99967173 0.02273737 0.01180846 -0.32330069
-0.02357628 0.99678478 0.07657846 -0.69703457
-0.01002930 -0.07683172 0.99699363 0.19305072
0.00000000 0.00000000 0.00000000 1.00000000
65	65	66
0.99966922 0.02305952 0.01138885 -0.25712638
-0.02384446 0.99694179 0.07442116 -0.51402839
-0.00963790 -0.07466811 0.99716186 0.21401861
0.00000000 0.00000000 0.00000000 1.00000000
66	66	67
0.99966444 0.02342797 0.01105142 -0.20629440
-0.02420273 0.99680272 0.07614830 -0.71271254
-0.00923209 -0.07639022 0.99703526 0.27114338
0.00000000 0.00000000 0.00000000 1.00000000
67	67	68
0.99965388 0.02380435 0.01120192 -0.22938666
-0.02458341 0.99684300 0.07549625 -0.66482517
-0.00936942 -0.07574550 0.99708316 0.24771103
0.00000000 0.00000000 0.00000000 1.00000000
68	68	69
0.99963347 0.02484626 0.01075135 -0.19917308
-0.02560817 0.99664404 0.07774878 -1.01127145
-0.00878350 -0.07799561 0.99691501 0.33145359
0.00000000 0.00000000 0.00000000 1.00000000
69	69	70
0.99968537 0.02246372 0.01116003 -0.26827324
-0.02327934 0.99657757 0.07931718 -0.84446384
-0.00934008 -0.07955202 0.99678696 0.27101441
0.00000000 0.00000000 0.00000000 1.00000000
70	70	71
0.99967864 0.02308841 0.01046602 -0.21871822
-0.02386365 0.99640667 0.08126672 -1.10151914
-0.00855210 -0.08149036 0.99663744 0.38218811
0.00000000 0.00000000 0.00000000 1.00000000
71	71	72
0.99968967 0.02241405 0.01087058 -0.27047841
-0.02316854 0.99690483 0.07512647 -0.39853334
-0.00915304 -0.07535501 0.99711476 0.24869975
0.00000000 0.00000000 0.00000000 1.00000000
72	72	73
0.99967015 0.02287149 0.01168235 -0.37367148
-0.02373810 0.99647975 0.08040275 -0.98222100
-0.00980230 -0.08065354 0.99669400 0.20692649
0.00000000 0.00000000 0.00000000 1.00000000
73	73	74
0.99971438 0.02083485 0.01170774 -0.36492707
-0.02170216 0.99658893 0.07962105 -0.61426610
-0.01000891 -0.07985239 0.99675645 0.15587755
0.00000000 0.00000000 0.00000000 1.00000000
74	74	75
0.99966690 0.02216514 0.01322067 -0.49296663
-0.02317119 0.99639997 0.08154872 -0.98808293
-0.01136554 -0.08182790 0.99658167 -0.02639915
0.00000000 0.00000000 0.00000000 1.00000000
75	75	76
0.99963773 0.02401076 0.01216072 -0.37717865
-0.02490750 0.99648920 0.07993055 -1.08997809
-0.01019883 -0.08020448 0.99672625 0.11872424
0.00000000 0.00000000 0.00000000 1.00000000
76	76	77
0.99956782 0.02677516 0.01213496 -0.36199152
-0.02765042 0.99650214 0.07886030 -1.36929455
-0.00998102 -0.07916176 0.99681182 0.14095022
0.00000000 0.00000000 0.00000000 1.00000000
77	77	78
0.99956532 0.02689269 0.01208137 -0.32321319
-0.02777431 0.99641075 0.07996379 -1.46970364
-0.00988756 -0.08026459 0.99672455 0.15689319
0.00000000 0.00000000 0.00000000 1.00000000
78	78	79
0.99959127 0.02566022 0.01260326 -0.32091617
-0.02657197 0.99656130 0.07848246 -1.15001129
-0.01054604 -0.07878527 0.99683583 0.03254907
0.00000000 0.00000000 0.00000000 1.00000000
79	79	80
0.99952273 0.02777381 0.01352492 -0.37511581
-0.02877958 0.99630343 0.08093952 -1.67843461
-0.01122693 -0.08129014 0.99662725 -0.07230357
0.00000000 0.00000000 0.00000000 1.00000000
80	80	81
0.99953401 0.02748635 0.01327669 -0.32388849
-0.02845746 0.99642480 0.07954738 -1.49496664
-0.01104275 -0.07988814 0.99674267 -0.07251706
0.00000000 0.00000000 0.00000000 1.00000000
81	81	82
0.99950237 0.02842391 0.01367850 -0.33282128
-0.02941654 0.99645045 0.07887443 -1.58446096
-0.01138802 -0.07923755 0.99679071 -0.15203759
0.00000000 0.00000000 0.00000000 1.00000000
82	82	83
0.99949691 0.02883468 0.01320941 -0.27016040
-0.02979801 0.99637250 0.07971152 -1.67201413
-0.01086303 -0.08006503 0.99673045 -0.06911300
0.00000000 0.00000000 0.00000000 1.00000000
83	83	84
0.99949068 0.02909173 0.01311681 -0.24846452
-0.03003686 0.99643889 0.07878663 -1.66292385
-0.01077806 -0.07914049 0.99680521 -0.07035212
0.00000000 0.00000000 0.00000000 1.00000000
84	84	85
0.99951391 0.02848774 0.01266458 -0.19295731
-0.02942988 0.99621640 0.08177266 -1.72581778
-0.01028714 -0.08210563 0.99657054 0.02179382
0.00000000 0.00000000 0.00000000 1.00000000
85	85	86
0.99961135 0.02499878 0.01233751 -0.13397819
-0.02586562 0.99677360 0.07598260 -0.72615019
-0.01039823 -0.07627219 0.99703281 -0.05045784
0.00000000 0.00000000 0.00000000 1.00000000
86	86	87
0.99962768 0.02473970 0.01150825 -0.07716170
-0.02554004 0.99681344 0.07556898 -0.60377295
-0.00960203 -0.07583476 0.99707416 0.06747699
0.00000000 0.00000000 0.00000000 1.00000000
87	87	88
0.99958884 0.02619498 0.01166073 -0.09131933
-0.02701874 0.99664780 0.07722138 -0.95269869
-0.00959883 -0.07750469 0.99694578 0.06878173
0.00000000 0.00000000 0.00000000 1.00000000
88	88	89
0.99958360 0.02672156 0.01088976 -0.06136709
-0.02745828 0.99685663 0.07431617 -0.90649340
-0.00886969 -0.07458424 0.99717527 0.19671476
0.00000000 0.00000000 0.00000000 1.00000000
89	89	90
0.99960374 0.02633852 0.00993160 -0.01442633
-0.02699566 0.99695430 0.07316667 -0.76152556
-0.00797425 -0.07340578 0.99727028 0.36882620
0.00000000 0.00000000 0.00000000 1.00000000
90	90	91
0.99962589 0.02555180 0.00975643 0.01107559
-0.02618137 0.99712971 0.07104139 -0.52651946
-0.00791319 -0.07127025 0.99742565 0.37837919
0.00000000 0.00000000 0.00000000 1.00000000
91	91	92
0.99964397 0.02504140 0.00921226 0.03549794
-0.02564355 0.99704565 0.07240425 -0.48444341
-0.00737194 -0.07261471 0.99733282 0.49874415
0.00000000 0.00000000 0.00000000 1.00000000
92	92	93
0.99969432 0.02336317 0.00808929 0.08916670
-0.02389930 0.99696055 0.07415183 -0.20866291
-0.00633228 -0.07432249 0.99721415 0.71440809
0.00000000 0.00000000 0.00000000 1.00000000
93	93	94
0.99972706 0.02180330 0.00839157 0.09801378
-0.02238171 0.99682154 0.07645837 0.01502239
-0.00669786 -0.07662532 0.99703746 0.66968130
0.00000000 0.00000000 0.00000000 1.00000000
94	94	95
0.99971345 0.02227314 0.00877039 0.08624508
-0.02286755 0.99693557 0.07481011 -0.00934744
-0.00707726 -0.07498923 0.99715923 0.59405104
0.00000000 0.00000000 0.00000000 1.00000000
95	95	96
0.99968529 0.02300901 0.00999549 0.04338492
-0.02368245 0.99701372 0.07350358 -0.09689398
-0.00827439 -0.07371716 0.99724486 0.38121265
0.00000000 0.00000000 0.00000000 1.00000000
96	96	97
0.99969979 0.02228589 0.01018152 0.04343462
-0.02298535 0.99693959 0.07472028 0.00625951
-0.00848515 -0.07493188 0.99715255 0.35443611
0.00000000 0.00000000 0.00000000 1.00000000
97	97	98
0.99970442 0.02200083 0.01034605 0.04069417
-0.02272689 0.99682792 0.07627316 0.04083107
-0.00863516 -0.07648574 0.99703328 0.33867743
0.00000000 0.00000000 0.00000000 1.00000000
98	98	99
0.99970420 0.02225881 0.00980078 0.04653184
-0.02293345 0.99690721 0.07516695 0.05037284
-0.00809734 -0.07536948 0.99712280 0.42084097
0.00000000 0.00000000 0.00000000 1.00000000
99	99	100
0.99973234 0.02107224 0.00955024 0.05322802
-0.02171744 0.99706403 0.07342800 0.29429508
-0.00797491 -0.07361575 0.99725479 0.43698773
0.00000000 0.00000000 0.00000000 1.00000000
100	100	101
0.99974679 0.02024796 0.00981668 0.03881006
-0.02091552 0.99707632 0.07349384 0.44512038
-0.00829988 -0.07368055 0.99724736 0.36911886
0.00000000 0.00000000 0.00000000 1.00000000
101	101	102
0.99978907 0.01775800 0.01031865 0.03460967
-0.01848877 0.99696138 0.07567143 0.81910293
-0.00894352 -0.07584625 0.99707942 0.26227425
0.00000000 0.00000000 0.00000000 1.00000000
102	102	103
0.99979880 0.01712968 0.01043691 0.03448391
-0.01787915 0.99690597 0.07654289 0.91314197
-0.00909346 -0.07671409 0.99701166 0.23669431
0.00000000 0.00000000 0.00000000 1.00000000
103	103	104
0.99985166 0.01421398 0.00972728 0.06587839
-0.01487831 0.99729173 0.07202661 1.45747771
-0.00867715 -0.07216065 0.99735528 0.28941161
0.00000000 0.00000000 0.00000000 1.00000000
104	104	105
0.99988732 0.01145449 0.00970251 0.09599096
-0.01198146 0.99835225 0.05611802 2.02694555
-0.00904372 -0.05622795 0.99837700 0.18230567
0.00000000 0.00000000 0.00000000 1.00000000
105	105	106
0.99990050 0.01053206 0.00938384 0.12205402
-0.01105079 0.99830960 0.05705981 2.18419313
-0.00876702 -0.05715783 0.99832666 0.22193661
0.00000000 0.00000000 0.00000000 1.00000000
106	106	107
0.99990986 0.00938984 0.00959679 0.14581459
-0.00992251 0.99832183 0.05705324 2.37230288
-0.00904496 -0.05714332 0.99832501 0.17247952
0.00000000 0.00000000 0.00000000 1.00000000
107	107	108
0.99990756 0.00994464 0.00927205 0.16503268
-0.01045227 0.99835295 0.05641039 2.31027671
-0.00869579 -0.05650209 0.99836461 0.22341509
0.00000000 0.00000000 0.00000000 1.00000000
108	108	109
0.99991278 0.00962746 0.00904112 0.18283016
-0.01011773 0.99838815 0.05584565 2.35918889
-0.00848890 -0.05593225 0.99839848 0.24244766
0.00000000 0.00000000 0.00000000 1.00000000
109	109	110
0.99991610 0.00888184 0.00942894 0.20868452
-0.00937964 0.99848963 0.05413388 2.44309661
-0.00893389 -0.05421778 0.99848917 0.15064207
0.00000000 0.00000000 0.00000000 1.00000000
110	110	111
0.99989685 0.01090126 0.00935176 0.20574396
-0.01139107 0.99847438 0.05402914 2.15069510
-0.00874851 -0.05413009 0.99849557 0.16844172
0.00000000 0.00000000 0.00000000 1.00000000
111	111	112
0.99987974 0.01249642 0.00918383 0.19301386
-0.01295429 0.99858303 0.05161512 1.84207334
-0.00852581 -0.05172788 0.99862482 0.19248073
0.00000000 0.00000000 0.00000000 1.00000000
112	112	113
0.99990859 0.01031338 0.00874383 0.18466958
-0.01074555 0.99864537 0.05091128 2.15340245
-0.00820692 -0.05100058 0.99866490 0.23824791
0.00000000 0.00000000 0.00000000 1.00000000
113	113	114
0.99991166 0.00970928 0.00907704 0.20128303
-0.01015656 0.99866722 0.05060264 2.24066753
-0.00857362 -0.05069036 0.99867762 0.18673787
0.00000000 0.00000000 0.00000000 1.00000000
114	114	115
0.99992028 0.00836345 0.00945961 0.22596239
-0.00882114 0.99873890 0.04942464 2.40277004
-0.00903432 -0.04950414 0.99873306 0.11618199
0.00000000 0.00000000 0.00000000 1.00000000
115	115	116
0.99990533 0.00932571 0.01011746 0.26580764
-0.00980155 0.99879690 0.04804878 2.20107621
-0.00965720 -0.04814340 0.99879375 0.02293271
0.00000000 0.00000000 0.00000000 1.00000000
116	116	117
0.99991101 0.00803448 0.01064969 0.30989649
-0.00851960 0.99889042 0.04631783 2.30737355
-0.01026573 -0.04640443 0.99886998 -0.07339959
0.00000000 0.00000000 0.00000000 1.00000000
117	117	118
0.99989617 0.00976416 0.01059730 0.30677194
-0.01023894 0.99890210 0.04571377 2.02114842
-0.01013931 -0.04581753 0.99889837 -0.05778467
0.00000000 0.00000000 0.00000000 1.00000000
118	118	119
0.99990409 0.00746852 0.01166305 0.37807434
-0.00796841 0.99902514 0.04341978 2.22438502
-0.01132740 -0.04350855 0.99898884 -0.23669263
0.00000000 0.00000000 0.00000000 1.00000000
119	119	120
0.99988976 0.00833897 0.01228528 0.40632401
-0.00888268 0.99895252 0.04488825 2.19693500
-0.01189809 -0.04499242 0.99891647 -0.32843762
0.00000000 0.00000000 0.00000000 1.00000000
120	120	121
0.99989263 0.00844635 0.01197405 0.37662508
-0.00895546 0.99902969 0.04312165 2.07365165
-0.01159821 -0.04322426 0.99899807 -0.28480164
0.00000000 0.00000000 0.00000000 1.00000000
121	121	122
0.99989374 0.00878101 0.01163613 0.34195553
-0.00924849 0.99912662 0.04074889 1.86806175
-0.01126815 -0.04085218 0.99910166 -0.23271973
0.00000000 0.00000000 0.00000000 1.00000000
122	122	123
0.99989644 0.00812834 0.01187625 0.36131667
-0.00859718 0.99916370 0.03997487 1.92851728
-0.01154139 -0.04007283 0.99913010 -0.27647369
0.00000000 0.00000000 0.00000000 1.00000000
123	123	124
0.99990741 0.00631188 0.01205496 0.37555087
-0.00679967 0.99914170 0.04086103 2.28437235
-0.01178670 -0.04093921 0.99909212 -0.31188185
0.00000000 0.00000000 0.00000000 1.00000000
124	124	125
0.99989444 0.00709671 0.01267881 0.40837653
-0.00760976 0.99913484 0.04088609 2.19283878
-0.01237769 -0.04097825 0.99908337 -0.41417863
0.00000000 0.00000000 0.00000000 1.00000000
125	125	126
0.99989378 0.00630995 0.01313833 0.44178263
-0.00685293 0.99910660 0.04170180 2.38679015
-0.01286346 -0.04178740 0.99904371 -0.49929296
0.00000000 0.00000000 0.00000000 1.00000000
126	126	127
0.99990332 0.00461338 0.01311775 0.44773167
-0.00516307 0.99909654 0.04218337 2.69702406
-0.01291129 -0.04224702 0.99902377 -0.51302794
0.00000000 0.00000000 0.00000000 1.00000000
127	127	128
0.99990571 0.00503172 0.01277732 0.41775861
-0.00556762 0.99909120 0.04225839 2.66159682
-0.01255307 -0.04232555 0.99902501 -0.45701713
0.00000000 0.00000000 0.00000000 1.00000000
128	128	129
0.99990324 0.00519301 0.01290545 0.43555137
-0.00567382 0.99928041 0.03750292 2.18088713
-0.01270141 -0.03757251 0.99921318 -0.48828337
0.00000000 0.00000000 0.00000000 1.00000000
129	129	130
0.99989918 0.00556689 0.01306261 0.45448280
-0.00605925 0.99926088 0.03796014 2.17774393
-0.01284164 -0.03803546 0.99919387 -0.51358039
0.00000000 0.00000000 0.00000000 1.00000000
130	130	131
0.99989380 0.00734353 0.01258817 0.37915768
-0.00780224 0.99929270 0.03678630 1.78829829
-0.01230912 -0.03688061 0.99924387 -0.44316751
0.00000000 0.00000000 0.00000000 1.00000000
131	131	132
0.99988920 0.00782140 0.01266567 0.37114491
-0.00828170 0.99929176 0.03670694 1.70164236
-0.01236960 -0.03680777 0.99924581 -0.45368006
0.00000000 0.00000000 0.00000000 1.00000000
132	132	133
0.99987900 0.00815428 0.01324768 0.41945781
-0.00864247 0.99926965 0.03722209 1.70624837
-0.01293449 -0.03733207 0.99921920 -0.54295673
0.00000000 0.00000000 0.00000000 1.00000000
133	133	134
0.99988314 0.00800484 0.01302418 0.39234229
-0.00846172 0.99933702 0.03541081 1.54613826
-0.01273208 -0.03551688 0.99928797 -0.51331549
0.00000000 0.00000000 0.00000000 1.00000000
134	134	135
0.99987641 0.00839000 0.01329541 0.42256889
-0.00883922 0.99937943 0.03409715 1.33276309
-0.01300108 -0.03421046 0.99933008 -0.55385965
0.00000000 0.00000000 0.00000000 1.00000000
135	135	136
0.99987621 0.00842462 0.01328847 0.42043341
-0.00889381 0.99932465 0.03565304 1.45564908
-0.01297913 -0.03576682 0.99927588 -0.55514239
0.00000000 0.00000000 0.00000000 1.00000000
136	136	137
0.99988060 0.00756191 0.01347599 0.44854410
-0.00803993 0.99932743 0.03577775 1.55532694
-0.01319638 -0.03588182 0.99926891 -0.59502720
0.00000000 0.00000000 0.00000000 1.00000000
137	137	138
0.99989445 0.00660259 0.01294210 0.39127615
-0.00707485 0.99929796 0.03679053 1.77235221
-0.01269010 -0.03687821 0.99923919 -0.52295166
0.00000000 0.00000000 0.00000000 1.00000000
138	138	139
0.99989277 0.00677529 0.01298225 0.39380220
-0.00725718 0.99927256 0.03743908 1.79163611
-0.01271914 -0.03752928 0.99921458 -0.52604464
0.00000000 0.00000000 0.00000000 1.00000000
139	139	140
0.99988832 0.00673222 0.01334265 0.42621589
-0.00723149 0.99926177 0.03773080 1.80181580
-0.01307879 -0.03782308 0.99919886 -0.58056960
0.00000000 0.00000000 0.00000000 1.00000000
140	140	141
0.99989287 0.00651431 0.01310798 0.40424836
-0.00699941 0.99927927 0.03730884 1.75651945
-0.01285549 -0.03739659 0.99921781 -0.54266053
0.00000000 0.00000000 0.00000000 1.00000000
141	141	142
0.99988843 0.00641969 0.01348741 0.45850099
-0.00692883 0.99925190 0.03804768 1.81547636
-0.01323306 -0.03813689 0.99918490 -0.59465903
0.00000000 0.00000000 0.00000000 1.00000000
142	142	143
0.99987138 0.00731123 0.01427513 0.55757453
-0.00783224 0.99929233 0.03678985 1.50708326
-0.01399605 -0.03689692 0.99922106 -0.70304338
0.00000000 0.00000000 0.00000000 1.00000000
143	143	144
0.99986211 0.00780296 0.01465869 0.65092683
-0.00829224 0.99940032 0.03361913 1.06803716
-0.01438757 -0.03373605 0.99932721 -0.74246762
0.00000000 0.00000000 0.00000000 1.00000000
144	144	145
0.99986195 0.00749151 0.01483105 0.74287165
-0.00801505 0.99933536 0.03556113 1.24995978
-0.01455479 -0.03567509 0.99925745 -0.73279914
0.00000000 0.00000000 0.00000000 1.00000000
145	145	146
0.99986229 0.00803112 0.01452260 0.74890448
-0.00853117 0.99936120 0.03470470 1.05881661
-0.01423460 -0.03482381 0.99929209 -0.66811568
0.00000000 0.00000000 0.00000000 1.00000000
146	146	147
0.99987902 0.00717131 0.01380309 0.72093726
-0.00765673 0.99934240 0.03544196 1.24784758
-0.01353985 -0.03554336 0.99927641 -0.56603760
0.00000000 0.00000000 0.00000000 1.00000000
147	147	148
0.99989854 0.00659542 0.01262587 0.64112496
-0.00704494 0.99933070 0.03589587 1.36789674
-0.01238067 -0.03598117 0.99927577 -0.38197966
0.00000000 0.00000000 0.00000000 1.00000000
148	148	149
0.99990583 0.00724031 0.01165790 0.56912951
-0.00761834 0.99943566 0.03271585 0.93449697
-0.01141445 -0.03280158 0.99939670 -0.22066376
0.00000000 0.00000000 0.00000000 1.00000000
149	149	150
0.99990914 0.00677775 0.01165238 0.60446602
-0.00719239 0.99932885 0.03591824 1.33086004
-0.01140111 -0.03599878 0.99928680 -0.20065102
0.00000000 0.00000000 0.00000000 1.00000000
150	150	151
0.99992748 0.00605244 0.01041131 0.52606100
-0.00642687 0.99931975 0.03631428 1.47875134
-0.01018443 -0.03637856 0.99928618 0.02161727
0.00000000 0.00000000 0.00000000 1.00000000
151	151	152
0.99993720 0.00719825 0.00858981 0.37780028
-0.00747094 0.99945522 0.03214737 0.88608332
-0.00835373 -0.03220952 0.99944623 0.33571896
0.00000000 0.00000000 0.00000000 1.00000000
152	152	153
0.99992874 0.00741167 0.00935866 0.48358206
-0.00773969 0.99933921 0.03551383 1.18268771
-0.00908926 -0.03558373 0.99932536 0.25782879
0.00000000 0.00000000 0.00000000 1.00000000
153	153	154
0.99992009 0.00742211 0.01023311 0.58736042
-0.00785951 0.99902737 0.04338817 1.94902589
-0.00990112 -0.04346513 0.99900588 0.16775000
0.00000000 0.00000000 0.00000000 1.00000000
154	154	155
0.99992257 0.00706001 0.01024700 0.60409032
-0.00756997 0.99868970 0.05061213 2.72841317
-0.00987626 -0.05068578 0.99866582 0.20607046
0.00000000 0.00000000 0.00000000 1.00000000
155	155	156
0.99991205 0.00780056 0.01072573 0.64832667
-0.00842564 0.99819128 0.05952461 3.50107314
-0.01024200 -0.05960975 0.99816921 0.16704560
0.00000000 0.00000000 0.00000000 1.00000000
156	156	157
0.99991609 0.00708952 0.01084218 0.63727989
-0.00762129 0.99872924 0.04981788 2.64889315
-0.01047522 -0.04989633 0.99869947 0.14325685
0.00000000 0.00000000 0.00000000 1.00000000
157	157	158
0.99992085 0.00484833 0.01160962 0.67951016
-0.00537356 0.99894324 0.04564564 2.51758501
-0.01137604 -0.04570442 0.99889023 0.03511422
0.00000000 0.00000000 0.00000000 1.00000000
158	158	159
0.99991770 0.00454306 0.01199812 0.71046251
-0.00505279 0.99907081 0.04280165 2.30154187
-0.01179252 -0.04285875 0.99901154 -0.00952222
0.00000000 0.00000000 0.00000000 1.00000000
159	159	160
0.99991206 0.00450601 0.01247282 0.75347942
-0.00503319 0.99908113 0.04256255 2.30650941
-0.01226957 -0.04262158 0.99901594 -0.05588172
0.00000000 0.00000000 0.00000000 1.00000000
160	160	161
0.99991238 0.00475322 0.01235443 0.74838876
-0.00532136 0.99891024 0.04636829 2.64358895
-0.01212057 -0.04642997 0.99884801 -0.03509305
0.00000000 0.00000000 0.00000000 1.00000000
161	161	162
0.99991539 0.00363074 0.01249128 0.76932627
-0.00416613 0.99906186 0.04310514 2.45940661
-0.01232306 -0.04315353 0.99899245 -0.03188537
0.00000000 0.00000000 0.00000000 1.00000000
162	162	163
0.99992028 0.00296542 0.01227345 0.74287672
-0.00343711 0.99924919 0.03859061 2.10891408
-0.01214979 -0.03862972 0.99917973 -0.00198445
0.00000000 0.00000000 0.00000000 1.00000000
163	163	164
0.99992746 0.00287532 0.01169666 0.69178065
-0.00335098 0.99915955 0.04085285 2.33473021
-0.01156936 -0.04088908 0.99909671 0.06659555
0.00000000 0.00000000 0.00000000 1.00000000
164	164	165
0.99993828 0.00390502 0.01040176 0.55988979
-0.00438016 0.99892933 0.04605442 2.72601271
-0.01021078 -0.04609714 0.99888478 0.20487939
0.00000000 0.00000000 0.00000000 1.00000000
165	165	166
0.99993500 0.00345323 0.01086627 0.60019894
-0.00389691 0.99914834 0.04107803 2.30116191
-0.01071517 -0.04111771 0.99909685 0.16853138
0.00000000 0.00000000 0.00000000 1.00000000
166	166	167
0.99992593 0.00476622 0.01119884 0.63130668
-0.00494267 0.99986326 0.01578092 -0.05353332
-0.01112210 -0.01583510 0.99981276 0.12294720
0.00000000 0.00000000 0.00000000 1.00000000
167	167	168
0.99991495 0.00581045 0.01167614 0.67229694
-0.00594511 0.99991584 0.01153130 -0.49248978
-0.01160816 -0.01159973 0.99986534 0.08619708
0.00000000 0.00000000 0.00000000 1.00000000
168	168	169
0.99991088 0.00517959 0.01230457 0.74942690
-0.00538956 0.99983937 0.01709332 0.04472470
-0.01221406 -0.01715811 0.99977818 0.07006512
0.00000000 0.00000000 0.00000000 1.00000000
169	169	170
0.99990332 0.00537591 0.01282349 0.78862529
-0.00559183 0.99984219 0.01686173 0.00899076
-0.01273082 -0.01693180 0.99977559 0.06668843
0.00000000 0.00000000 0.00000000 1.00000000
170	170	171
0.99989851 0.00522301 0.01325515 0.81442700
-0.00548685 0.99978598 0.01994701 0.31088115
-0.01314813 -0.02001771 0.99971317 0.08073338
0.00000000 0.00000000 0.00000000 1.00000000
171	171	172
0.99989490 0.00513524 0.01355817 0.85214466
-0.00536997 0.99983534 0.01733339 0.08640745
-0.01346693 -0.01740438 0.99975784 0.09906796
0.00000000 0.00000000 0.00000000 1.00000000
172	172	173
0.99989983 0.00454604 0.01340366 0.83467985
-0.00475193 0.99987059 0.01536934 -0.04300608
-0.01333206 -0.01543149 0.99979204 0.12146351
0.00000000 0.00000000 0.00000000 1.00000000
173	173	174
0.99989932 0.00369722 0.01369971 0.87129462
-0.00390208 0.99988052 0.01495752 -0.04036073
-0.01364277 -0.01500947 0.99979427 0.12794516
0.00000000 0.00000000 0.00000000 1.00000000
174	174	175
0.99990896 0.00278379 0.01320330 0.83983271
-0.00296772 0.99989855 0.01393126 -0.08959392
-0.01316318 -0.01396918 0.99981578 0.14161052
0.00000000 0.00000000 0.00000000 1.00000000
175	175	176
0.99992384 0.00232451 0.01212069 0.74719979
-0.00265829 0.99961565 0.02759520 1.17739313
-0.01205188 -0.02762532 0.99954569 0.19283963
0.00000000 0.00000000 0.00000000 1.00000000
176	176	177
0.99992970 0.00242291 0.01160736 0.71383165
-0.00276123 0.99956919 0.02921994 1.35491601
-0.01153157 -0.02924994 0.99950561 0.20266045
0.00000000 0.00000000 0.00000000 1.00000000
177	177	178
0.99993670 0.00212035 0.01105000 0.67211927
-0.00247421 0.99948129 0.03210962 1.62774235
-0.01097619 -0.03213493 0.99942327 0.19616545
0.00000000 0.00000000 0.00000000 1.00000000
178	178	179
0.99994690 0.00221755 0.01006377 0.60589769
-0.00253826 0.99948567 0.03196803 1.62532286
-0.00998770 -0.03199188 0.99943823 0.20306834
0.00000000 0.00000000 0.00000000 1.00000000
179	179	180
0.99995256 0.00259348 0.00938926 0.52747545
-0.00289071 0.99949062 0.03178273 1.59859534
-0.00930205 -0.03180836 0.99945070 0.20660717
0.00000000 0.00000000 0.00000000 1.00000000
180	180	181
0.99995181 0.00149625 0.00970278 0.53088661
-0.00179978 0.99950685 0.03135002 1.53489684
-0.00965108 -0.03136597 0.99946137 0.20814132
0.00000000 0.00000000 0.00000000 1.00000000
181	181	182
0.99996744 0.00182892 0.00785972 0.33084837
-0.00197219 0.99983135 0.01825880 0.25219557
-0.00782500 -0.01827370 0.99980240 0.21246964
0.00000000 0.00000000 0.00000000 1.00000000
182	182	183
0.99995849 -0.00000542 0.00911141 0.41061058
-0.00002641 0.99999390 0.00349402 -1.18735000
-0.00911137 -0.00349411 0.99995239 0.22262768
0.00000000 0.00000000 0.00000000 1.00000000
183	183	184
0.99995278 -0.00003058 0.00971787 0.43193504
-0.00001745 0.99998778 0.00494279 -1.08018123
-0.00971790 -0.00494272 0.99994056 0.23286306
0.00000000 0.00000000 0.00000000 1.00000000
184	184	185
0.99996747 -0.00038277 0.00805702 0.21412453
0.00038614 0.99999984 -0.00041746 -1.57518283
-0.00805686 0.00042056 0.99996745 0.24033717
0.00000000 0.00000000 0.00000000 1.00000000
185	185	186
0.99996384 -0.00014139 0.00850274 0.22003442
0.00013532 0.99999974 0.00071400 -1.50570960
-0.00850284 -0.00071282 0.99996360 0.23852986
0.00000000 0.00000000 0.00000000 1.00000000
186	186	187
0.99996134 -0.00151767 0.00866113 0.21714855
0.00152364 0.99999861 -0.00068325 -1.62339468
-0.00866008 0.00069642 0.99996226 0.24757051
0.00000000 0.00000000 0.00000000 1.00000000
187	187	188
0.99995429 -0.00015303 0.00956027 0.25112003
0.00014127 0.99999923 0.00123066 -1.50811846
-0.00956045 -0.00122925 0.99995354 0.24874826
0.00000000 0.00000000 0.00000000 1.00000000
188	188	189
0.99995807 0.00043168 0.00914710 0.19465171
-0.00042959 0.99999988 -0.00023062 -1.61051866
-0.00914720 0.00022668 0.99995814 0.24783083
0.00000000 0.00000000 0.00000000 1.00000000
189	189	190
0.99994480 -0.00158380 0.01038657 0.25600435
0.00158120 0.99999872 0.00025776 -1.55965522
-0.01038696 -0.00024132 0.99994602 0.23855450
0.00000000 0.00000000 0.00000000 1.00000000
190	190	191
0.99996071 0.00078753 0.00882907 0.13504391
-0.00079754 0.99999904 0.00113031 -1.50519392
-0.00882817 -0.00113730 0.99996038 0.24448764
0.00000000 0.00000000 0.00000000 1.00000000
191	191	192
0.99996307 -0.00004903 0.00859440 0.09934147
0.00006563 0.99999813 -0.00193103 -1.66531711
-0.00859429 0.00193152 0.99996120 0.24971826
0.00000000 0.00000000 0.00000000 1.00000000
192	192	193
0.99997507 -0.00023517 0.00705719 -0.01494234
0.00025517 0.99999595 -0.00283301 -1.69935069
-0.00705650 0.00283474 0.99997108 0.24050198
0.00000000 0.00000000 0.00000000 1.00000000
193	193	194
0.99996590 -0.00113544 0.00817999 0.00980583
0.00115852 0.99999536 -0.00281685 -1.68453341
-0.00817675 0.00282623 0.99996258 0.25136583
0.00000000 0.00000000 0.00000000 1.00000000
194	194	195
0.99996008 -0.00098222 0.00888108 0.02171000
0.00098429 0.99999949 -0.00022871 -1.55200468
-0.00888085 0.00023744 0.99996054 0.25176692
0.00000000 0.00000000 0.00000000 1.00000000
195	195	196
0.99995671 -0.00440825 0.00819378 -0.06171085
0.00440590 0.99999025 0.00030409 -1.52770109
-0.00819505 -0.00026798 0.99996638 0.23598709
0.00000000 0.00000000 0.00000000 1.00000000
196	196	197
0.99996751 -0.00370884 0.00715725 -0.16149203
0.00371359 0.99999289 -0.00065084 -1.57889365
-0.00715478 0.00067740 0.99997417 0.24049183
0.00000000 0.00000000 0.00000000 1.00000000
197	197	198
0.99996181 -0.00387039 0.00783588 -0.17770812
0.00386987 0.99999251 0.00008053 -1.55840731
-0.00783614 -0.00005020 0.99996930 0.24137233
0.00000000 0.00000000 0.00000000 1.00000000
198	198	199
0.99996850 -0.00320392 0.00726148 -0.23312059
0.00320393 0.99999487 0.00001022 -1.57020550
-0.00726148 0.00001305 0.99997364 0.23682870
0.00000000 0.00000000 0.00000000 1.00000000
199	199	200
0.99997148 -0.00326813 0.00680941 -0.28067106
0.00327243 0.99999445 -0.00061942 -1.59543705
-0.00680735 0.00064168 0.99997662 0.23933481
0.00000000 0.00000000 0.00000000 1.00000000
200	200	201
0.99997941 -0.00113493 0.00631537 -0.32759883
0.00113894 0.99999915 -0.00063143 -1.58755165
-0.00631465 0.00063861 0.99997986 0.24605184
0.00000000 0.00000000 0.00000000 1.00000000
201	201	202
0.99997536 -0.00132679 0.00689350 -0.34215838
0.00133187 0.99999885 -0.00073163 -1.59015780
-0.00689252 0.00074080 0.99997597 0.24679613
0.00000000 0.00000000 0.00000000 1.00000000
202	202	203
0.99997402 0.00043260 0.00719580 -0.37331117
-0.00043277 0.99999991 0.00002239 -1.57547337
-0.00719579 -0.00002550 0.99997411 0.24707808
0.00000000 0.00000000 0.00000000 1.00000000
203	203	204
0.99997133 0.00150285 0.00742222 -0.39997084
-0.00149850 0.99999870 -0.00059179 -1.59935842
-0.00742310 0.00058065 0.99997228 0.24847566
0.00000000 0.00000000 0.00000000 1.00000000
204	204	205
0.99996723 0.00002219 0.00809507 -0.40425003
-0.00002865 0.99999968 0.00079725 -1.55319144
-0.00809505 -0.00079746 0.99996692 0.24684128
0.00000000 0.00000000 0.00000000 1.00000000
205	205	206
0.99996622 -0.00238971 0.00786374 -0.44488129
0.00237499 0.99999541 0.00187973 -1.51356736
-0.00786820 -0.00186099 0.99996731 0.24356114
0.00000000 0.00000000 0.00000000 1.00000000
206	206	207
0.99996510 -0.00311211 0.00775282 -0.46811751
0.00309181 0.99999176 0.00262968 -1.47654734
-0.00776094 -0.00260562 0.99996649 0.23949350
0.00000000 0.00000000 0.00000000 1.00000000
207	207	208
0.99996935 -0.00263455 0.00737282 -0.50427113
0.00261307 0.99999232 0.00292166 -1.45609428
-0.00738046 -0.00290230 0.99996855 0.23963257
0.00000000 0.00000000 0.00000000 1.00000000
208	208	209
0.99997100 -0.00239342 0.00722925 -0.53752390
0.00237857 0.99999504 0.00206279 -1.48128203
-0.00723415 -0.00204553 0.99997174 0.24574737
0.00000000 0.00000000 0.00000000 1.00000000
209	209	210
0.99997541 -0.00039503 0.00700234 -0.57234865
0.00038239 0.99999829 0.00180676 -1.48407220
