0	0	1
0.99749941 0.06231926 0.03333524 0.17199319
-0.06651969 0.98720158 0.14494199 1.15644368
-0.02387593 -0.14679700 0.98887845 -0.20405822
0.00000000 0.00000000 0.00000000 1.00000000
1	1	2
0.99761125 0.06022503 0.03383411 0.15709689
-0.06451312 0.98737713 0.14465286 1.12401101
-0.02469530 -0.14649007 0.98890384 -0.20094211
0.00000000 0.00000000 0.00000000 1.00000000
2	2	3
0.99764418 0.05839894 0.03599529 0.18669139
-0.06296353 0.98779024 0.14249925 1.06772523
-0.02723399 -0.14442994 0.98914018 -0.21989955
0.00000000 0.00000000 0.00000000 1.00000000
3	3	4
0.99763044 0.05832811 0.03648739 0.17605093
-0.06298142 0.98770205 0.14310133 1.07929046
-0.02769184 -0.14506028 0.98903523 -0.27167096
0.00000000 0.00000000 0.00000000 1.00000000
4	4	5
0.99758172 0.05782878 0.03855572 0.21671565
-0.06274941 0.98789904 0.14183793 1.03932877
-0.02988684 -0.14391427 0.98913875 -0.32645777
0.00000000 0.00000000 0.00000000 1.00000000
5	5	6
0.99746738 0.05885966 0.03992960 0.24981363
-0.06390998 0.98808896 0.13998470 0.99256097
-0.03121454 -0.14218207 0.98934822 -0.35686682
0.00000000 0.00000000 0.00000000 1.00000000
6	6	7
0.99731091 0.06123662 0.04026198 0.25762929
-0.06629316 0.98801595 0.13939044 0.99036863
-0.03124368 -0.14168470 0.98941866 -0.37737228
0.00000000 0.00000000 0.00000000 1.00000000
7	7	8
0.99743065 0.05907465 0.04052518 0.27564409
-0.06425080 0.98787575 0.14132707 1.01066429
-0.03168500 -0.14356773 0.98913314 -0.35850230
0.00000000 0.00000000 0.00000000 1.00000000
8	8	9
0.99793362 0.04769101 0.04305876 0.31543855
-0.05334960 0.98848383 0.14161048 0.90790770
-0.03580934 -0.14361503 0.98898555 -0.34481954
0.00000000 0.00000000 0.00000000 1.00000000
9	9	10
0.99785346 0.04825299 0.04427320 0.33536817
-0.05497857 0.98458402 0.16604718 0.85687475
-0.03557841 -0.16812483 0.98512345 -0.27871329
0.00000000 0.00000000 0.00000000 1.00000000
10	10	11
0.99793717 0.04709613 0.04362750 0.35426179
-0.05310962 0.98742489 0.14890083 0.88524584
-0.03606622 -0.15091071 0.98788926 -0.30142314
0.00000000 0.00000000 0.00000000 1.00000000
11	11	12
0.99790926 0.04694853 0.04441783 0.36643396
-0.05281121 0.98850688 0.14165141 0.89493601
-0.03725701 -0.14370101 0.98891958 -0.35143756
0.00000000 0.00000000 0.00000000 1.00000000
12	12	13
0.99798100 0.04447829 0.04533881 0.39324431
-0.05064934 0.98804946 0.14557785 0.97067431
-0.03832193 -0.14758031 0.98830738 -0.39019254
0.00000000 0.00000000 0.00000000 1.00000000
13	13	14
0.99808064 0.04184114 0.04565466 0.41569538
-0.04839140 0.98698338 0.15336908 1.08425692
-0.03864326 -0.15528400 0.98711376 -0.41769143
0.00000000 0.00000000 0.00000000 1.00000000
14	14	15
0.99804833 0.04299626 0.04528631 0.42164484
-0.04972560 0.98588793 0.15985103 1.06174871
-0.03777423 -0.16179094 0.98610182 -0.39686712
0.00000000 0.00000000 0.00000000 1.00000000
15	15	16
0.99806258 0.04492779 0.04304163 0.42162653
-0.05110236 0.98656346 0.15518085 0.98354982
-0.03549136 -0.15707973 0.98694798 -0.29321774
0.00000000 0.00000000 0.00000000 1.00000000
16	16	17
0.99800514 0.04575582 0.04349872 0.44491133
-0.05098153 0.99048858 0.12780161 0.86835171
-0.03723732 -0.12976429 0.99084540 -0.44344224
0.00000000 0.00000000 0.00000000 1.00000000
17	17	18
0.99775188 0.04793291 0.04683616 0.44366489
-0.05423447 0.98806813 0.14415270 0.75762515
-0.03936765 -0.14636876 0.98844644 -0.56981527
0.00000000 0.00000000 0.00000000 1.00000000
18	18	19
0.99804770 0.04650044 0.04169539 0.45075805
-0.05134067 0.99098638 0.12373408 0.86159241
-0.03556587 -0.12563319 0.99143904 -0.38818209
0.00000000 0.00000000 0.00000000 1.00000000
19	19	20
0.99806843 0.04661825 0.04106265 0.44844315
-0.05129795 0.99126942 0.12146381 0.85690294
-0.03504172 -0.12333563 0.99174614 -0.37071948
0.00000000 0.00000000 0.00000000 1.00000000
20	20	21
0.99810876 0.04634914 0.04038155 0.46020296
-0.05087879 0.99152824 0.11951191 0.87874572
-0.03450017 -0.12134045 0.99201121 -0.36566913
0.00000000 0.00000000 0.00000000 1.00000000
21	21	22
0.99813580 0.04620100 0.03987983 0.45559077
-0.05071706 0.99137239 0.12086588 0.92004335
-0.03395164 -0.12266315 0.99186745 -0.34196789
0.00000000 0.00000000 0.00000000 1.00000000
22	22	23
0.99814783 0.04567187 0.04018685 0.45093445
-0.05025732 0.99129639 0.12167855 0.98752315
-0.03427979 -0.12347287 0.99175569 -0.38737685
0.00000000 0.00000000 0.00000000 1.00000000
23	23	24
0.99818935 0.04469946 0.04024910 0.45186874
-0.04905296 0.99219729 0.11462261 1.07679488
-0.03481148 -0.11638940 0.99259341 -0.45858162
0.00000000 0.00000000 0.00000000 1.00000000
24	24	25
0.99805722 0.04674614 0.04118958 0.44096961
-0.05131321 0.99170157 0.11787688 0.92522923
-0.03533748 -0.11976144 0.99217360 -0.50938831
0.00000000 0.00000000 0.00000000 1.00000000
25	25	26
0.99793593 0.04816143 0.04247775 0.41771908
-0.05224914 0.99350803 0.10105357 0.73544838
-0.03733510 -0.10306441 0.99397375 -0.71508758
0.00000000 0.00000000 0.00000000 1.00000000
26	26	27
0.99783151 0.05022520 0.04254075 0.37603079
-0.05432176 0.99336551 0.10136126 0.55031940
-0.03716762 -0.10345235 0.99393973 -0.70172440
0.00000000 0.00000000 0.00000000 1.00000000
27	27	28
0.99827273 0.04504761 0.03771291 0.35931663
-0.04903646 0.99243421 0.11256003 1.11627704
-0.03235702 -0.11421492 0.99292899 -0.20932112
0.00000000 0.00000000 0.00000000 1.00000000
28	28	29
0.99835262 0.04531127 0.03519855 0.32196310
-0.04921309 0.99163598 0.11931537 1.17072183
-0.02949781 -0.12085104 0.99223228 0.09887707
0.00000000 0.00000000 0.00000000 1.00000000
29	29	30
0.99827938 0.04599540 0.03636911 0.29912251
-0.04972852 0.99274571 0.10946699 1.03886577
-0.03107030 -0.11108722 0.99332485 -0.04003144
0.00000000 0.00000000 0.00000000 1.00000000
30	30	31
0.99821978 0.04530335 0.03879262 0.30132193
-0.04884520 0.99419793 0.09583641 1.03214470
-0.03422584 -0.09756063 0.99464090 -0.33199635
0.00000000 0.00000000 0.00000000 1.00000000
31	31	32
0.99837944 0.04631050 0.03307310 0.26973381
-0.04917059 0.99457521 0.09166458 0.96965812
-0.02864865 -0.09314226 0.99524056 0.05124319
0.00000000 0.00000000 0.00000000 1.00000000
32	32	33
0.99829218 0.04925201 0.03141607 0.23281864
-0.05269957 0.99131470 0.12049034 0.91616560
-0.02520882 -0.12194018 0.99221727 0.26322370
0.00000000 0.00000000 0.00000000 1.00000000
33	33	34
0.99845644 0.04656712 0.03026943 0.23852238
-0.04992205 0.99131710 0.12164783 1.13536031
-0.02434181 -0.12297117 0.99211167 0.26950248
0.00000000 0.00000000 0.00000000 1.00000000
34	34	35
0.99838370 0.04806897 0.03032087 0.19066044
-0.05142416 0.99121679 0.12183939 1.00439870
-0.02419787 -0.12320169 0.99208659 0.26650902
0.00000000 0.00000000 0.00000000 1.00000000
35	35	36
0.99836629 0.04661981 0.03303561 0.13368248
-0.05036445 0.99107037 0.12346232 1.06265656
-0.02698482 -0.12492444 0.99179923 0.03354159
0.00000000 0.00000000 0.00000000 1.00000000
36	36	37
0.99841451 0.04635975 0.03192564 0.11802947
-0.04988978 0.99145958 0.12049441 1.12192834
-0.02606689 -0.12189613 0.99220051 0.10876012
0.00000000 0.00000000 0.00000000 1.00000000
37	37	38
0.99817621 0.04932979 0.03479704 0.01552606
-0.05322939 0.99111785 0.12186895 0.81629332
-0.02847620 -0.12349891 0.99193605 -0.06835122
0.00000000 0.00000000 0.00000000 1.00000000
38	38	39
0.99814069 0.04592702 0.04007336 -0.14582195
-0.05035860 0.99177414 0.11767782 1.10809597
-0.03433913 -0.11947706 0.99224294 -0.57807752
0.00000000 0.00000000 0.00000000 1.00000000
39	39	40
0.99805898 0.04788178 0.03981965 -0.19060442
-0.05247223 0.99094196 0.12361515 0.80387109
-0.03354005 -0.12546464 0.99153098 -0.49499276
0.00000000 0.00000000 0.00000000 1.00000000
40	40	41
0.99801326 0.04963917 0.03880057 -0.19110611
-0.05425119 0.99021001 0.12861160 0.50177393
-0.03203654 -0.13046106 0.99093570 -0.39342259
0.00000000 0.00000000 0.00000000 1.00000000
41	41	42
0.99804594 0.05002774 0.03743698 -0.15966163
-0.05460995 0.98953956 0.13352606 0.27550028
-0.03036536 -0.13530957 0.99033795 -0.22256812
0.00000000 0.00000000 0.00000000 1.00000000
42	42	43
0.99823237 0.04822870 0.03472942 -0.06171545
-0.05239347 0.98997343 0.13117750 0.53942214
-0.02805468 -0.13276522 0.99075039 -0.07759891
0.00000000 0.00000000 0.00000000 1.00000000
43	43	44
0.99827556 0.04871828 0.03274813 -0.01586778
-0.05250617 0.99050924 0.12702183 0.68395359
-0.02624904 -0.12852227 0.99135917 0.04300104
0.00000000 0.00000000 0.00000000 1.00000000
44	44	45
0.99842437 0.04606799 0.03203930 -0.00451852
-0.04991752 0.98997792 0.13210583 0.70502222
-0.02563235 -0.13349701 0.99071769 0.12653051
0.00000000 0.00000000 0.00000000 1.00000000
45	45	46
0.99832804 0.04777588 0.03253609 -0.04502227
-0.05167835 0.98988252 0.13214363 0.56530674
-0.02589363 -0.13360410 0.99069645 0.09963081
0.00000000 0.00000000 0.00000000 1.00000000
46	46	47
0.99814981 0.05004471 0.03453245 -0.17647316
-0.05419816 0.98973336 0.13225142 0.34243337
-0.02755943 -0.13387832 0.99061449 -0.00770669
0.00000000 0.00000000 0.00000000 1.00000000
47	47	48
0.99831114 0.04787906 0.03290093 -0.07642387
-0.05184421 0.98979922 0.13270146 0.49822681
-0.02621170 -0.13418307 0.99060984 0.10635410
0.00000000 0.00000000 0.00000000 1.00000000
48	48	49
0.99830382 0.04680964 0.03461700 -0.22799638
-0.05087920 0.99047517 0.12794625 0.88805728
-0.02829817 -0.12949051 0.99117679 -0.10910012
0.00000000 0.00000000 0.00000000 1.00000000
49	49	50
0.99827855 0.04762419 0.03423251 -0.22289681
-0.05156743 0.99075841 0.12545347 0.97994339
-0.02794153 -0.12700279 0.99150873 -0.22108263
0.00000000 0.00000000 0.00000000 1.00000000
50	50	51
0.99824533 0.04925339 0.03286884 -0.20156560
-0.05296926 0.99088147 0.12388772 0.87375016
-0.02646724 -0.12541138 0.99175172 -0.14503356
0.00000000 0.00000000 0.00000000 1.00000000
51	51	52
0.99837285 0.04579524 0.03397721 -0.29800090
-0.04962073 0.99129566 0.12194546 1.27333799
-0.02809694 -0.12343301 0.99195507 -0.27691142
0.00000000 0.00000000 0.00000000 1.00000000
52	52	53
0.99855536 0.04113950 0.03456500 -0.34711019
-0.04521757 0.99087796 0.12694971 1.18547251
-0.02902705 -0.12832926 0.99130673 -0.32026394
0.00000000 0.00000000 0.00000000 1.00000000
53	53	54
0.99849601 0.04279970 0.03426238 -0.36267070
-0.04673568 0.99120435 0.12381321 1.29424013
-0.02866185 -0.12522827 0.99171386 -0.30305403
0.00000000 0.00000000 0.00000000 1.00000000
54	54	55
0.99858987 0.04040111 0.03443880 -0.39179124
-0.04443408 0.99106392 0.12576928 1.28741988
-0.02904984 -0.12712218 0.99146158 -0.30874175
0.00000000 0.00000000 0.00000000 1.00000000
55	55	56
0.99857980 0.03932034 0.03594846 -0.51601861
-0.04371158 0.99043253 0.13089198 0.89362451
-0.03045781 -0.13227745 0.99074467 -0.33969216
0.00000000 0.00000000 0.00000000 1.00000000
56	56	57
0.99862704 0.03910611 0.03485323 -0.42481437
-0.04332950 0.99055850 0.13006312 1.00336158
-0.02943790 -0.13139472 0.99089295 -0.25676948
0.00000000 0.00000000 0.00000000 1.00000000
57	57	58
0.99869497 0.03765278 0.03450539 -0.39405374
-0.04192768 0.99023392 0.13296182 0.84052847
-0.02916202 -0.13423504 0.99052033 -0.15934327
0.00000000 0.00000000 0.00000000 1.00000000
58	58	59
0.99882775 0.03329915 0.03513258 -0.43133815
-0.03776481 0.99009309 0.13523866 0.97561835
-0.03028119 -0.13640691 0.99018998 -0.21242763
0.00000000 0.00000000 0.00000000 1.00000000
59	59	60
0.99878434 0.03520336 0.03450469 -0.36436908
-0.03956353 0.99003691 0.13513565 0.80608488
-0.02940369 -0.13633649 0.99022613 -0.12623509
0.00000000 0.00000000 0.00000000 1.00000000
60	60	61
0.99886330 0.03467309 0.03270915 -0.15859466
-0.03880371 0.99001446 0.13551989 0.79763046
-0.02768364 -0.13663508 0.99023455 0.04413322
0.00000000 0.00000000 0.00000000 1.00000000
61	61	62
0.99897918 0.03214174 0.03174118 -0.03829538
-0.03627615 0.98953079 0.13968842 0.60658172
-0.02691904 -0.14069728 0.98968664 0.17734828
0.00000000 0.00000000 0.00000000 1.00000000
62	62	63
0.99903230 0.03180785 0.03037631 0.12577418
-0.03581960 0.98918169 0.14225518 0.36965473
-0.02552286 -0.14320559 0.98936381 0.33345591
0.00000000 0.00000000 0.00000000 1.00000000
63	63	64
0.99913049 0.02912545 0.02983235 0.22859936
-0.03317595 0.98876036 0.14578168 0.25623538
-0.02525109 -0.14664464 0.98886689 0.41185774
0.00000000 0.00000000 0.00000000 1.00000000
64	64	65
0.99918077 0.02875028 0.02848188 0.40647371
-0.03264883 0.98851878 0.14752856 0.12055764
-0.02391339 -0.14833760 0.98864762 0.55109134
0.00000000 0.00000000 0.00000000 1.00000000
65	65	66
0.99921170 0.02878533 0.02733845 0.56067503
-0.03238519 0.98934162 0.14196606 0.72488508
-0.02296053 -0.14273951 0.98949393 0.55303904
0.00000000 0.00000000 0.00000000 1.00000000
66	66	67
0.99921175 0.02909994 0.02700149 0.61952075
-0.03261855 0.98952160 0.14065214 0.84716273
-0.02262559 -0.14142202 0.98969081 0.56177217
0.00000000 0.00000000 0.00000000 1.00000000
67	67	68
0.99917668 0.02882980 0.02854483 0.46529625
-0.03265852 0.98899439 0.14430357 0.50854444
-0.02407043 -0.14511700 0.98912167 0.43736979
0.00000000 0.00000000 0.00000000 1.00000000
68	68	69
0.99916646 0.02966535 0.02804184 0.51368978
-0.03335577 0.98931676 0.14191453 0.68662354
-0.02353232 -0.14273160 0.98948164 0.46643337
0.00000000 0.00000000 0.00000000 1.00000000
69	69	70
0.99925139 0.02583962 0.02879185 0.42128262
-0.02960440 0.98983399 0.13911236 1.49548112
-0.02490455 -0.13986058 0.98985796 0.25803466
0.00000000 0.00000000 0.00000000 1.00000000
70	70	71
0.99929935 0.02219871 0.03013342 0.30420212
-0.02616612 0.99003115 0.13839670 2.05902126
-0.02676079 -0.13908821 0.98991834 0.03186809
0.00000000 0.00000000 0.00000000 1.00000000
71	71	72
0.99938968 0.01862076 0.02955570 0.36819616
-0.02247998 0.99043504 0.13613630 2.77023444
-0.02673804 -0.13671762 0.99024914 -0.00528624
0.00000000 0.00000000 0.00000000 1.00000000
72	72	73
0.99934360 0.01831913 0.03125335 0.17925036
-0.02248293 0.99009901 0.13855857 2.53132327
-0.02840564 -0.13917028 0.98986098 -0.18044584
0.00000000 0.00000000 0.00000000 1.00000000
73	73	74
0.99941212 0.01532364 0.03066906 0.23962357
-0.01939603 0.99034853 0.13723550 3.07098373
-0.02827011 -0.13774968 0.99006355 -0.20107551
0.00000000 0.00000000 0.00000000 1.00000000
74	74	75
0.99928931 0.02110840 0.03122999 0.18604883
-0.02525067 0.98999491 0.13882538 2.10675363
-0.02798715 -0.13951530 0.98982433 -0.15173212
0.00000000 0.00000000 0.00000000 1.00000000
75	75	76
0.99931593 0.02227682 0.02951989 0.37850842
-0.02601364 0.99078272 0.13293943 2.51532749
-0.02628633 -0.13361641 0.99068445 0.00485786
0.00000000 0.00000000 0.00000000 1.00000000
76	76	77
0.99939147 0.02235866 0.02677284 0.64367703
-0.02544882 0.99229203 0.12128016 3.56985987
-0.02385482 -0.12188770 0.99225719 0.21898281
0.00000000 0.00000000 0.00000000 1.00000000
77	77	78
0.99938750 0.02123845 0.02781291 0.58919027
-0.02454380 0.99191946 0.12447242 3.45443299
-0.02494456 -0.12507881 0.99183318 0.06186135
0.00000000 0.00000000 0.00000000 1.00000000
78	78	79
0.99926184 0.02363395 0.03028545 0.41669785
-0.02731270 0.99146726 0.12746247 2.83988060
-0.02701459 -0.12819556 0.99138091 -0.23618362
0.00000000 0.00000000 0.00000000 1.00000000
79	79	80
0.99919326 0.02405452 0.03215901 0.29151697
-0.02804919 0.99109435 0.13017388 2.55183704
-0.02874135 -0.13097090 0.99096950 -0.50543087
0.00000000 0.00000000 0.00000000 1.00000000
80	80	81
0.99923738 0.02133763 0.03270108 0.29033685
-0.02539952 0.99127874 0.12931100 3.06759746
-0.02965669 -0.13004297 0.99106473 -0.69927198
0.00000000 0.00000000 0.00000000 1.00000000
81	81	82
0.99911865 0.02474062 0.03390894 0.18458050
-0.02900135 0.99088538 0.13154881 2.33094148
-0.03034527 -0.13241627 0.99072958 -0.82364975
0.00000000 0.00000000 0.00000000 1.00000000
82	82	83
0.99911112 0.02385882 0.03475241 0.15202834
-0.02838934 0.99025679 0.13632875 2.11425109
-0.03116117 -0.13719417 0.99005391 -0.92187858
0.00000000 0.00000000 0.00000000 1.00000000
83	83	84
0.99924684 0.02005714 0.03321856 0.30786984
-0.02438397 0.99048467 0.13544568 2.82034146
-0.03018582 -0.13615366 0.99022775 -0.77931274
0.00000000 0.00000000 0.00000000 1.00000000
84	84	85
0.99927492 0.02044153 0.03212115 0.40542529
-0.02476549 0.98976080 0.14057111 2.46741215
-0.02891877 -0.14126469 0.98954939 -0.52967666
0.00000000 0.00000000 0.00000000 1.00000000
85	85	86
0.99926626 0.01915963 0.03316406 0.37047067
-0.02362987 0.98985077 0.14013236 2.73560100
-0.03014258 -0.14081320 0.98957722 -0.77054091
0.00000000 0.00000000 0.00000000 1.00000000
86	86	87
0.99931687 0.01734677 0.03263260 0.43301680
-0.02171071 0.99012072 0.13852655 3.26731858
-0.02990722 -0.13914040 0.98982095 -0.79173305
0.00000000 0.00000000 0.00000000 1.00000000
87	87	88
0.99922851 0.02176418 0.03269106 0.39261612
-0.02605091 0.99022550 0.13702118 2.48797163
-0.02938937 -0.13776711 0.99002853 -0.72435685
0.00000000 0.00000000 0.00000000 1.00000000
88	88	89
0.99916639 0.02331658 0.03350911 0.34218118
-0.02766720 0.99034068 0.13586711 2.23456696
-0.03001748 -0.13668095 0.99016022 -0.84533527
0.00000000 0.00000000 0.00000000 1.00000000
89	89	90
0.99921393 0.02226687 0.03279809 0.38639095
-0.02646058 0.99068852 0.13355185 2.58066105
-0.02951891 -0.13431472 0.99049896 -0.76216339
0.00000000 0.00000000 0.00000000 1.00000000
90	90	91
0.99928776 0.02061950 0.03160402 0.45739494
-0.02463649 0.99087666 0.13250093 2.97173259
-0.02858358 -0.13318517 0.99067890 -0.58243579
0.00000000 0.00000000 0.00000000 1.00000000
91	91	92
0.99934055 0.01946535 0.03065240 0.48610572
-0.02353845 0.99005626 0.13868864 2.94211772
-0.02764797 -0.13931869 0.98986155 -0.33750119
0.00000000 0.00000000 0.00000000 1.00000000
92	92	93
0.99940514 0.01671618 0.03016530 0.51990704
-0.02084026 0.98964069 0.14204575 3.34335760
-0.02747834 -0.14258990 0.98940035 -0.27015333
0.00000000 0.00000000 0.00000000 1.00000000
93	93	94
0.99943592 0.01434782 0.03036410 0.53572096
-0.01863478 0.98911141 0.14598411 3.63271979
-0.02793893 -0.14646759 0.98882084 -0.31503280
0.00000000 0.00000000 0.00000000 1.00000000
94	94	95
0.99938981 0.01553838 0.03128216 0.50246193
-0.01989179 0.98936926 0.14405827 3.48168006
-0.02871118 -0.14459262 0.98907464 -0.46248633
0.00000000 0.00000000 0.00000000 1.00000000
95	95	96
0.99933978 0.01563574 0.03279524 0.45065680
-0.02016006 0.98958728 0.14251522 3.48951108
-0.03022542 -0.14308228 0.98924915 -0.74179218
0.00000000 0.00000000 0.00000000 1.00000000
96	96	97
0.99932751 0.01551054 0.03322572 0.44246209
-0.02007193 0.98970861 0.14168269 3.52818041
-0.03068621 -0.14225431 0.98935437 -0.82323611
0.00000000 0.00000000 0.00000000 1.00000000
97	97	98
0.99933563 0.01408413 0.03361438 0.43605482
-0.01882867 0.98920917 0.14529519 3.68340420
-0.03120529 -0.14583158 0.98881716 -0.88933566
0.00000000 0.00000000 0.00000000 1.00000000
98	98	99
0.99935096 0.01321453 0.03351176 0.43246224
-0.01791565 0.98939858 0.14411623 3.88269079
-0.03125206 -0.14462308 0.98899316 -0.89983667
0.00000000 0.00000000 0.00000000 1.00000000
99	99	100
0.99939881 0.01242294 0.03236808 0.46068854
-0.01689689 0.98974491 0.14184328 4.10691334
-0.03027403 -0.14230493 0.98935979 -0.74927214
0.00000000 0.00000000 0.00000000 1.00000000
100	100	101
0.99941434 0.01200933 0.03204287 0.45809370
-0.01639030 0.98999124 0.14017384 4.24545430
-0.03003876 -0.14061694 0.98960828 -0.74123180
0.00000000 0.00000000 0.00000000 1.00000000
101	101	102
0.99946138 0.00879734 0.03161582 0.47199364
-0.01323875 0.98961314 0.14314526 4.69408680
-0.03002813 -0.14348672 0.98919658 -0.75119469
0.00000000 0.00000000 0.00000000 1.00000000
102	102	103
0.99946426 0.00852860 0.03159830 0.46824191
-0.01304974 0.98923293 0.14576664 4.70962833
-0.03001489 -0.14610090 0.98881426 -0.73315103
0.00000000 0.00000000 0.00000000 1.00000000
103	103	104
0.99948831 0.00724345 0.03115530 0.49939552
-0.01157830 0.98989982 0.14129503 4.99793054
-0.02981717 -0.14158345 0.98947717 -0.72173930
0.00000000 0.00000000 0.00000000 1.00000000
104	104	105
0.99943007 0.00594202 0.03323000 0.49795740
-0.01004574 0.99214014 0.12472781 5.32444311
-0.03222768 -0.12499055 0.99163438 -1.16878424
0.00000000 0.00000000 0.00000000 1.00000000
105	105	106
0.99952195 0.00331052 0.03073952 0.56178945
-0.00717260 0.99195417 0.12639410 5.77458284
-0.03007376 -0.12655416 0.99150371 -0.83132400
0.00000000 0.00000000 0.00000000 1.00000000
106	106	107
0.99949919 0.00303262 0.03149882 0.58094610
-0.00694717 0.99214225 0.12492193 5.81632871
-0.03087247 -0.12507819 0.99166644 -0.98132102
0.00000000 0.00000000 0.00000000 1.00000000
107	107	108
0.99951805 0.00363554 0.03082941 0.60395420
-0.00743000 0.99227007 0.12387455 5.76372286
-0.03014075 -0.12404392 0.99181886 -0.87815671
0.00000000 0.00000000 0.00000000 1.00000000
108	108	109
0.99953634 0.00113065 0.03042747 0.62644011
-0.00486791 0.99239054 0.12303378 6.11867976
-0.03005683 -0.12312485 0.99193591 -0.86380436
0.00000000 0.00000000 0.00000000 1.00000000
109	109	110
0.99956776 -0.00048980 0.02939465 0.62297692
-0.00300712 0.99291341 0.11880204 6.31551433
-0.02924453 -0.11883908 0.99248276 -0.78153304
0.00000000 0.00000000 0.00000000 1.00000000
110	110	111
0.99956185 0.00319802 0.02942574 0.61630655
-0.00665775 0.99296262 0.11824087 5.75882660
-0.02884053 -0.11838498 0.99254885 -0.72604003
0.00000000 0.00000000 0.00000000 1.00000000
111	111	112
0.99957757 0.00539820 0.02855759 0.58340243
-0.00858613 0.99359012 0.11271626 5.28426297
-0.02776607 -0.11291384 0.99321675 -0.56557109
0.00000000 0.00000000 0.00000000 1.00000000
112	112	113
0.99964089 0.00490928 0.02634367 0.51650812
-0.00784399 0.99362273 0.11248262 5.38797421
-0.02562346 -0.11264886 0.99330442 -0.22993573
0.00000000 0.00000000 0.00000000 1.00000000
113	113	114
0.99964365 0.00361324 0.02644852 0.52513907
-0.00653271 0.99378277 0.11114465 5.55556437
-0.02588249 -0.11127783 0.99345223 -0.27202496
0.00000000 0.00000000 0.00000000 1.00000000
114	114	115
0.99958771 0.00718629 0.02779880 0.55967139
-0.01020491 0.99387701 0.11001979 4.96267689
-0.02683796 -0.11025812 0.99354057 -0.41319363
0.00000000 0.00000000 0.00000000 1.00000000
115	115	116
0.99957859 0.00834869 0.02780168 0.56739223
-0.01132182 0.99402505 0.10856338 4.73035664
-0.02672921 -0.10883240 0.99370069 -0.38337374
0.00000000 0.00000000 0.00000000 1.00000000
116	116	117
0.99953770 0.00540591 0.02991934 0.68484363
-0.00857045 0.99425711 0.10667405 5.05004123
-0.02917084 -0.10688115 0.99384379 -0.76672825
0.00000000 0.00000000 0.00000000 1.00000000
117	117	118
0.99950499 0.00729630 0.03060293 0.72222357
-0.01049861 0.99432958 0.10582280 4.71579599
-0.02965729 -0.10609171 0.99391398 -0.84533340
0.00000000 0.00000000 0.00000000 1.00000000
118	118	119
0.99943164 0.00581474 0.03320533 0.87239597
-0.00918178 0.99472485 0.10216731 4.68971044
-0.03243609 -0.10241412 0.99421288 -1.24346489
0.00000000 0.00000000 0.00000000 1.00000000
119	119	120
0.99936797 0.00819116 0.03459142 0.93712889
-0.01202789 0.99361189 0.11220848 4.91612381
-0.03345133 -0.11255363 0.99308242 -1.42637654
0.00000000 0.00000000 0.00000000 1.00000000
120	120	121
0.99935434 0.01203347 0.03385411 0.85801445
-0.01576373 0.99356358 0.11217361 4.35430092
-0.03228638 -0.11263485 0.99311177 -1.24714644
0.00000000 0.00000000 0.00000000 1.00000000
121	121	122
0.99937839 0.01444664 0.03215795 0.71597983
-0.01816539 0.99278422 0.11853065 4.45771442
-0.03021354 -0.11904113 0.99242952 -0.92152918
0.00000000 0.00000000 0.00000000 1.00000000
122	122	123
0.99933409 0.01698723 0.03229251 0.70539031
-0.02072568 0.99265327 0.11920546 4.14541470
-0.03003030 -0.11979536 0.99234432 -0.84672357
0.00000000 0.00000000 0.00000000 1.00000000
123	123	124
0.99933215 0.01565706 0.03301685 0.75059676
-0.01952009 0.99256599 0.12013209 4.40388156
-0.03089048 -0.12069635 0.99220873 -0.96143151
0.00000000 0.00000000 0.00000000 1.00000000
124	124	125
0.99930528 0.01640729 0.03346276 0.75777662
-0.02031065 0.99258266 0.11986299 4.28602557
-0.03124793 -0.12045937 0.99222634 -1.00716283
0.00000000 0.00000000 0.00000000 1.00000000
125	125	126
0.99920581 0.01788445 0.03560753 0.90079545
-0.02202883 0.99257427 0.11962883 4.01662688
-0.03320362 -0.12031821 0.99217995 -1.31419367
0.00000000 0.00000000 0.00000000 1.00000000
126	126	127
0.99919184 0.01747388 0.03619861 0.94528912
-0.02168118 0.99262071 0.11930652 4.04965616
-0.03384674 -0.11999493 0.99219737 -1.41928716
0.00000000 0.00000000 0.00000000 1.00000000
127	127	128
0.99913255 0.01813752 0.03748566 1.05678563
-0.02246452 0.99270712 0.11843951 3.86607430
-0.03506409 -0.11917886 0.99225345 -1.61876618
0.00000000 0.00000000 0.00000000 1.00000000
128	128	129
0.99909330 0.01862236 0.03828564 1.11512818
-0.02301394 0.99278611 0.11766942 3.70966221
-0.03581817 -0.11844383 0.99231453 -1.75977566
0.00000000 0.00000000 0.00000000 1.00000000
129	129	130
0.99909198 0.02006273 0.03758591 1.03409147
-0.02439106 0.99265571 0.11848927 3.60552302
-0.03493265 -0.11929844 0.99224372 -1.66983323
0.00000000 0.00000000 0.00000000 1.00000000
130	130	131
0.99903410 0.02135317 0.03840454 1.09311806
-0.02571962 0.99279212 0.11705685 3.23941144
-0.03562818 -0.11793154 0.99238238 -1.75950077
0.00000000 0.00000000 0.00000000 1.00000000
131	131	132
0.99901575 0.02151808 0.03878799 1.11440474
-0.02592539 0.99279778 0.11696339 3.18926823
-0.03599181 -0.11785387 0.99237848 -1.81911708
0.00000000 0.00000000 0.00000000 1.00000000
132	132	133
0.99900856 0.02188101 0.03877000 1.09742554
-0.02630482 0.99271968 0.11754016 3.19251312
-0.03591585 -0.11844346 0.99231104 -1.81006810
0.00000000 0.00000000 0.00000000 1.00000000
133	133	134
0.99902367 0.02228146 0.03814759 1.02270965
-0.02663279 0.99269804 0.11764900 3.16838175
-0.03524765 -0.11855011 0.99232226 -1.70230830
0.00000000 0.00000000 0.00000000 1.00000000
134	134	135
0.99899821 0.02306781 0.03834658 1.04592794
-0.02737381 0.99288894 0.11585437 2.84628473
-0.03540139 -0.11678800 0.99252572 -1.70009510
0.00000000 0.00000000 0.00000000 1.00000000
135	135	136
0.99900781 0.02248529 0.03844235 1.05920483
-0.02681213 0.99288448 0.11602379 2.91132539
-0.03555999 -0.11693939 0.99250222 -1.75103494
0.00000000 0.00000000 0.00000000 1.00000000
136	136	137
0.99901968 0.02181977 0.03851714 1.08072676
-0.02617117 0.99286342 0.11634989 2.99512197
-0.03570353 -0.11724387 0.99246115 -1.81304107
0.00000000 0.00000000 0.00000000 1.00000000
137	137	138
0.99906367 0.02083271 0.03791815 1.01843487
-0.02516621 0.99273556 0.11765532 3.25124747
-0.03519162 -0.11849941 0.99233031 -1.73153760
0.00000000 0.00000000 0.00000000 1.00000000
138	138	139
0.99905130 0.02088620 0.03821354 1.05042833
-0.02525989 0.99271499 0.11780869 3.23305150
-0.03547458 -0.11866219 0.99230078 -1.75687111
0.00000000 0.00000000 0.00000000 1.00000000
139	139	140
0.99903233 0.02110718 0.03858613 1.07860485
-0.02553937 0.99265637 0.11824159 3.21310747
-0.03580702 -0.11911263 0.99223487 -1.79647520
0.00000000 0.00000000 0.00000000 1.00000000
140	140	141
0.99904160 0.02031683 0.03876985 1.10465175
-0.02482479 0.99251364 0.11958428 3.42570982
-0.03605003 -0.12043213 0.99206678 -1.82718353
0.00000000 0.00000000 0.00000000 1.00000000
141	141	142
0.99903736 0.01962031 0.03923512 1.18025987
-0.02416784 0.99259855 0.11901277 3.41692604
-0.03660966 -0.11984643 0.99211721 -1.92570833
0.00000000 0.00000000 0.00000000 1.00000000
142	142	143
0.99891451 0.02255660 0.04075543 1.35270752
-0.02696457 0.99344726 0.11106508 2.10578952
-0.03798312 -0.11204347 0.99297711 -2.06486494
0.00000000 0.00000000 0.00000000 1.00000000
143	143	144
0.99891907 0.02370561 0.03998410 1.33162734
-0.02808633 0.99321803 0.11282333 2.09220322
-0.03703839 -0.11382438 0.99281024 -1.88723600
0.00000000 0.00000000 0.00000000 1.00000000
144	144	145
0.99896436 0.02318682 0.03914824 1.31983205
-0.02772929 0.99241151 0.11979353 2.77885006
-0.03607354 -0.12075502 0.99202668 -1.73299523
0.00000000 0.00000000 0.00000000 1.00000000
145	145	146
0.99907099 0.02108810 0.03758254 1.22051139
-0.02551544 0.99226167 0.12151436 3.28038122
-0.03472921 -0.12236041 0.99187792 -1.52045975
0.00000000 0.00000000 0.00000000 1.00000000
146	146	147
0.99910313 0.02136112 0.03656005 1.16490891
-0.02561668 0.99241913 0.12020007 3.09396372
-0.03371528 -0.12102881 0.99207626 -1.33530246
0.00000000 0.00000000 0.00000000 1.00000000
147	147	148
0.99915727 0.02033639 0.03565371 1.11725865
-0.02447461 0.99250038 0.11976641 3.18598349
-0.03295071 -0.12053809 0.99216169 -1.20196554
0.00000000 0.00000000 0.00000000 1.00000000
148	148	149
0.99911195 0.02109667 0.03647245 1.22805090
-0.02523115 0.99282365 0.11689563 2.74964658
-0.03374461 -0.11771206 0.99247427 -1.29087149
0.00000000 0.00000000 0.00000000 1.00000000
149	149	150
0.99897425 0.02285963 0.03908828 1.50932534
-0.02742632 0.99232219 0.12060046 2.82420098
-0.03603129 -0.12154880 0.99193127 -1.63931141
0.00000000 0.00000000 0.00000000 1.00000000
150	150	151
0.99922711 0.02224131 0.03241165 0.91950347
-0.02604837 0.99216147 0.12221743 3.18425092
-0.02943931 -0.12296724 0.99197398 -0.63838412
0.00000000 0.00000000 0.00000000 1.00000000
151	151	152
0.99928497 0.02315951 0.02988636 0.71836572
-0.02653824 0.99264497 0.11811726 2.67805119
-0.02693101 -0.11882593 0.99254981 -0.22395193
0.00000000 0.00000000 0.00000000 1.00000000
152	152	153
0.99927850 0.02412872 0.02933070 0.69802063
-0.02761403 0.99178401 0.12490771 3.21305452
-0.02607585 -0.12562753 0.99173473 -0.15620058
0.00000000 0.00000000 0.00000000 1.00000000
153	153	154
0.99942134 0.02271242 0.02532076 0.34182322
-0.02584636 0.99101368 0.13123966 4.10023294
-0.02211245 -0.13181817 0.99102725 0.42506872
0.00000000 0.00000000 0.00000000 1.00000000
154	154	155
0.99941655 0.02194618 0.02617097 0.44207680
-0.02549268 0.98925600 0.14395381 5.48923237
-0.02273055 -0.14453699 0.98923828 0.23533227
0.00000000 0.00000000 0.00000000 1.00000000
155	155	156
0.99938305 0.02275005 0.02675735 0.49986327
-0.02639647 0.98908725 0.14494700 5.48028486
-0.02316780 -0.14556387 0.98907756 0.21627119
0.00000000 0.00000000 0.00000000 1.00000000
156	156	157
0.99935993 0.02376555 0.02673818 0.47074954
-0.02739205 0.98910208 0.14466081 5.31698303
-0.02300884 -0.14530063 0.98911997 0.16663825
0.00000000 0.00000000 0.00000000 1.00000000
157	157	158
0.99944709 0.02154250 0.02532643 0.30374168
-0.02465939 0.99120591 0.13001063 4.24877088
-0.02230296 -0.13056329 0.99118909 0.34107400
0.00000000 0.00000000 0.00000000 1.00000000
158	158	159
0.99955651 0.01737577 0.02418392 0.21467956
-0.01917627 0.99689839 0.07632734 -0.33953748
-0.02278266 -0.07675725 0.99678948 0.60186807
0.00000000 0.00000000 0.00000000 1.00000000
159	159	160
0.99955664 0.01760171 0.02401458 0.21412714
-0.01922263 0.99742963 0.06902621 -1.02525850
-0.02273788 -0.06945723 0.99732577 0.63954776
0.00000000 0.00000000 0.00000000 1.00000000
160	160	161
0.99958065 0.01694430 0.02348239 0.16873813
-0.01876146 0.99666166 0.07945776 -0.01008062
-0.02205764 -0.07986500 0.99656161 0.68237978
0.00000000 0.00000000 0.00000000 1.00000000
161	161	162
0.99957742 0.01645977 0.02395969 0.20842096
-0.01836043 0.99651243 0.08139945 0.22445273
-0.02253632 -0.08180496 0.99639353 0.66182596
0.00000000 0.00000000 0.00000000 1.00000000
162	162	163
0.99960338 0.01660966 0.02274212 0.10337065
-0.01838288 0.99661556 0.08012173 0.08570219
-0.02133435 -0.08050802 0.99652562 0.76747144
0.00000000 0.00000000 0.00000000 1.00000000
163	163	164
0.99961972 0.01853112 0.02042070 -0.11822609
-0.02027208 0.99585777 0.08863607 0.74964454
-0.01869358 -0.08901633 0.99585473 0.95669661
0.00000000 0.00000000 0.00000000 1.00000000
164	164	165
0.99968157 0.01646086 0.01912586 -0.23725890
-0.01814739 0.99562661 0.09164233 1.22000739
-0.01753370 -0.09196023 0.99560830 1.04880568
0.00000000 0.00000000 0.00000000 1.00000000
165	165	166
0.99968459 0.01597674 0.01937685 -0.21687778
-0.01759595 0.99609682 0.08649568 0.78223937
-0.01791930 -0.08680935 0.99606377 1.03772311
0.00000000 0.00000000 0.00000000 1.00000000
166	166	167
0.99966290 0.01782532 0.01887733 -0.25986975
-0.01897826 0.99784763 0.06276890 -1.43905405
-0.01771782 -0.06310600 0.99784954 1.11943277
0.00000000 0.00000000 0.00000000 1.00000000
167	167	168
0.99963437 0.01904210 0.01919712 -0.23583755
-0.01997350 0.99857170 0.04955423 -2.69485333
-0.01822608 -0.04991954 0.99858693 1.11706453
0.00000000 0.00000000 0.00000000 1.00000000
168	168	169
0.99960271 0.01971979 0.02013856 -0.13659110
-0.02097859 0.99770767 0.06433739 -1.41431753
-0.01882367 -0.06473431 0.99772498 1.05358619
0.00000000 0.00000000 0.00000000 1.00000000
169	169	170
0.99957740 0.02011076 0.02098987 -0.06682680
-0.02118576 0.99840581 0.05231641 -2.50333890
-0.01990429 -0.05273899 0.99840995 1.07259093
0.00000000 0.00000000 0.00000000 1.00000000
170	170	171
0.99956418 0.02090578 0.02084204 -0.10204512
-0.02211176 0.99798825 0.05941822 -1.88505505
-0.01955793 -0.05985318 0.99801557 1.10516088
0.00000000 0.00000000 0.00000000 1.00000000
171	171	172
0.99952254 0.02178571 0.02191074 0.01214665
-0.02301090 0.99809099 0.05731375 -2.09712366
-0.02062029 -0.05779057 0.99811575 1.10613844
0.00000000 0.00000000 0.00000000 1.00000000
172	172	173
0.99949895 0.02248297 0.02227935 0.02305034
-0.02347662 0.99869344 0.04539004 -3.13823350
-0.02122974 -0.04589034 0.99872087 1.12441597
0.00000000 0.00000000 0.00000000 1.00000000
173	173	174
0.99949498 0.02255245 0.02238682 0.04566665
-0.02358883 0.99860862 0.04716338 -2.92940836
-0.02129202 -0.04766764 0.99863629 1.14753970
0.00000000 0.00000000 0.00000000 1.00000000
174	174	175
0.99949213 0.02321742 0.02182720 0.01631923
-0.02399876 0.99905479 0.03624351 -3.86151189
-0.02096509 -0.03674893 0.99910459 1.15947165
0.00000000 0.00000000 0.00000000 1.00000000
175	175	176
0.99961316 0.02211934 0.01686031 -0.42743051
-0.02255045 0.99941214 0.02582334 -4.76507677
-0.01627920 -0.02619356 0.99952433 1.31266585
0.00000000 0.00000000 0.00000000 1.00000000
176	176	177
0.99960407 0.02254278 0.01683836 -0.41472314
-0.02296106 0.99942185 0.02507506 -4.79387282
-0.01626336 -0.02545176 0.99954375 1.32995798
0.00000000 0.00000000 0.00000000 1.00000000
177	177	178
0.99962209 0.02247227 0.01583274 -0.50056227
-0.02291315 0.99933859 0.02823789 -4.48340557
-0.01518770 -0.02859000 0.99947584 1.32483026
0.00000000 0.00000000 0.00000000 1.00000000
178	178	179
0.99963299 0.02310114 0.01415028 -0.64026913
-0.02345559 0.99940172 0.02541738 -4.72450969
-0.01355465 -0.02573995 0.99957677 1.33381282
0.00000000 0.00000000 0.00000000 1.00000000
179	179	180
0.99961041 0.02402221 0.01421105 -0.65048808
-0.02435008 0.99943038 0.02336654 -4.94560415
-0.01364163 -0.02370348 0.99962596 1.32450907
0.00000000 0.00000000 0.00000000 1.00000000
180	180	181
0.99963219 0.02272630 0.01479843 -0.64317810
-0.02309973 0.99940604 0.02557289 -4.76675280
-0.01420846 -0.02590532 0.99956342 1.32952906
0.00000000 0.00000000 0.00000000 1.00000000
181	181	182
0.99969399 0.02140136 0.01240589 -0.91665759
-0.02154265 0.99970329 0.01136901 -6.17733763
-0.01215890 -0.01163279 0.99985841 1.32929985
0.00000000 0.00000000 0.00000000 1.00000000
182	182	183
0.99993866 0.00615944 0.00920542 -1.26137667
-0.00625670 0.99992451 0.01057445 -6.26647830
-0.00913959 -0.01063140 0.99990172 1.37062632
0.00000000 0.00000000 0.00000000 1.00000000
183	183	184
0.99991573 0.00474935 0.01208204 -1.03438292
-0.00485025 0.99995350 0.00833510 -6.50028169
-0.01204189 -0.00839300 0.99989227 1.37341169
0.00000000 0.00000000 0.00000000 1.00000000
184	184	185
0.99993210 0.00491477 0.01056596 -1.22852055
-0.00487306 0.99998025 -0.00396936 -7.61430549
-0.01058526 0.00391761 0.99993630 1.37247062
0.00000000 0.00000000 0.00000000 1.00000000
185	185	186
0.99992771 0.00363743 0.01146056 -1.18120225
-0.00361108 0.99999079 -0.00231901 -7.48686015
-0.01146889 0.00227746 0.99993164 1.37988109
0.00000000 0.00000000 0.00000000 1.00000000
186	186	187
0.99992113 0.00328239 0.01212265 -1.15537194
-0.00325596 0.99999228 -0.00219881 -7.48428786
-0.01212978 0.00215916 0.99992410 1.38221821
0.00000000 0.00000000 0.00000000 1.00000000
187	187	188
0.99992031 0.00442441 0.01182354 -1.20781055
-0.00438359 0.99998435 -0.00347600 -7.57688674
-0.01183873 0.00342389 0.99992406 1.39855024
0.00000000 0.00000000 0.00000000 1.00000000
188	188	189
0.99993880 0.00229969 0.01082192 -1.30261158
-0.00225812 0.99999003 -0.00385203 -7.59759169
-0.01083067 0.00382736 0.99993402 1.41931868
0.00000000 0.00000000 0.00000000 1.00000000
189	189	190
0.99994378 0.00144169 0.01050478 -1.32925696
-0.00138068 0.99998215 -0.00581301 -7.69819244
-0.01051297 0.00579818 0.99992793 1.45482373
0.00000000 0.00000000 0.00000000 1.00000000
190	190	191
0.99997773 0.00368882 0.00556225 -1.64060196
-0.00368014 0.99999200 -0.00156893 -7.43397423
-0.00556800 0.00154843 0.99998330 1.49693876
0.00000000 0.00000000 0.00000000 1.00000000
191	191	192
0.99998618 0.00449614 0.00272468 -1.83894327
-0.00447511 0.99996053 -0.00767500 -7.77715214
-0.00275908 0.00766270 0.99996683 1.50529305
0.00000000 0.00000000 0.00000000 1.00000000
192	192	193
0.99997130 0.00742678 -0.00149695 -2.10665389
-0.00743824 0.99994186 -0.00780739 -7.77926712
0.00143888 0.00781830 0.99996840 1.50733959
0.00000000 0.00000000 0.00000000 1.00000000
193	193	194
0.99997605 0.00691530 -0.00026389 -2.07692356
-0.00691733 0.99993852 -0.00866599 -7.79501468
0.00020394 0.00866761 0.99996241 1.50959801
0.00000000 0.00000000 0.00000000 1.00000000
194	194	195
0.99996776 0.00681354 0.00424930 -1.87208899
-0.00679047 0.99996225 -0.00542040 -7.62056354
-0.00428608 0.00539137 0.99997628 1.47981249
0.00000000 0.00000000 0.00000000 1.00000000
195	195	196
0.99999299 0.00255236 0.00273908 -2.00520092
-0.00253761 0.99998233 -0.00537602 -7.63503254
-0.00275275 0.00536903 0.99998180 1.47740052
0.00000000 0.00000000 0.00000000 1.00000000
196	196	197
0.99999658 0.00126982 0.00228513 -2.08844907
-0.00125633 0.99998183 -0.00589648 -7.66109729
-0.00229257 0.00589359 0.99998000 1.47253375
0.00000000 0.00000000 0.00000000 1.00000000
197	197	198
0.99999417 -0.00208183 0.00270700 -2.10022621
0.00209233 0.99999028 -0.00388148 -7.57417849
-0.00269889 0.00388712 0.99998880 1.49262394
0.00000000 0.00000000 0.00000000 1.00000000
198	198	199
0.99999143 -0.00383678 0.00155654 -2.17987665
0.00384441 0.99998048 -0.00492626 -7.61836020
-0.00153760 0.00493220 0.99998665 1.48855161
0.00000000 0.00000000 0.00000000 1.00000000
199	199	200
0.99998590 -0.00483541 0.00219485 -2.19101815
0.00484963 0.99996699 -0.00651917 -7.67277943
-0.00216325 0.00652973 0.99997634 1.47286153
0.00000000 0.00000000 0.00000000 1.00000000
200	200	201
0.99999549 -0.00257736 0.00154053 -2.24780450
0.00258801 0.99997249 -0.00695066 -7.68118479
-0.00152257 0.00695462 0.99997466 1.48059414
0.00000000 0.00000000 0.00000000 1.00000000
201	201	202
0.99999820 -0.00179827 0.00060085 -2.32387488
0.00180268 0.99997084 -0.00742074 -7.69663294
-0.00058748 0.00742181 0.99997229 1.51086676
0.00000000 0.00000000 0.00000000 1.00000000
202	202	203
0.99999888 0.00127413 0.00078997 -2.36705719
-0.00126895 0.99997796 -0.00651619 -7.68967737
-0.00079826 0.00651518 0.99997846 1.51711407
0.00000000 0.00000000 0.00000000 1.00000000
203	203	204
0.99999616 0.00101073 0.00258220 -2.34053811
-0.00099884 0.99998891 -0.00460190 -7.62719765
-0.00258683 0.00459931 0.99998608 1.48794433
0.00000000 0.00000000 0.00000000 1.00000000
204	204	205
0.99998013 -0.00479717 0.00408887 -2.31601228
0.00481747 0.99997606 -0.00496802 -7.62802367
-0.00406494 0.00498762 0.99997930 1.46734197
0.00000000 0.00000000 0.00000000 1.00000000
205	205	206
0.99994188 -0.01003063 0.00395339 -2.34487365
0.01003669 0.99994848 -0.00151639 -7.50056077
-0.00393798 0.00155598 0.99999104 1.42553040
0.00000000 0.00000000 0.00000000 1.00000000
206	206	207
0.99992339 -0.01183639 0.00362184 -2.36831057
0.01183121 0.99992896 0.00144894 -7.38538528
-0.00363874 -0.00140598 0.99999239 1.37902538
0.00000000 0.00000000 0.00000000 1.00000000
207	207	208
0.99988149 -0.01453951 0.00505967 -2.33272807
0.01450648 0.99987361 0.00650586 -7.20470493
-0.00515362 -0.00643169 0.99996604 1.34345070
0.00000000 0.00000000 0.00000000 1.00000000
208	208	209
0.99985660 -0.01646116 0.00397603 -2.38458221
0.01644373 0.99985521 0.00437761 -7.26473790
-0.00404752 -0.00431160 0.99998251 1.31442980
0.00000000 0.00000000 0.00000000 1.00000000
209	209	210
0.99988618 -0.01451982 0.00410002 -2.41088613
0.01449804 0.99988089 0.00529320 -7.23250203
-0.00417639 -0.00523315 0.99997759 1.30573448
