0	0	1
0.99999879 0.00103316 0.00116240 -0.24898792
-0.00103246 0.99999929 -0.00059684 0.25342689
-0.00116302 0.00059563 0.99999915 -0.00920590
0.00000000 0.00000000 0.00000000 1.00000000
1	1	2
0.99999827 0.00088744 0.00163616 -0.26103243
-0.00088913 0.99999907 0.00103347 0.27344446
-0.00163524 -0.00103493 0.99999813 -0.01452846
0.00000000 0.00000000 0.00000000 1.00000000
2	2	3
0.99999528 -0.00053779 0.00302474 -0.24741870
0.00054142 0.99999913 -0.00120063 0.21350208
-0.00302409 0.00120226 0.99999470 -0.03007476
0.00000000 0.00000000 0.00000000 1.00000000
3	3	4
0.99999563 -0.00051763 0.00291207 -0.26376738
0.00051791 0.99999986 -0.00009451 0.23091407
-0.00291202 0.00009602 0.99999576 -0.04228918
0.00000000 0.00000000 0.00000000 1.00000000
4	4	5
0.99999895 -0.00049638 0.00135875 -0.29623654
0.00049595 0.99999983 0.00032119 0.23891131
-0.00135891 -0.00032052 0.99999903 -0.04214502
0.00000000 0.00000000 0.00000000 1.00000000
5	5	6
0.99999842 0.00049369 0.00170560 -0.28450522
-0.00049367 0.99999988 -0.00001056 0.22904475
-0.00170560 0.00000972 0.99999855 -0.06191045
0.00000000 0.00000000 0.00000000 1.00000000
6	6	7
0.99999478 0.00222524 0.00234322 -0.26532848
-0.00222315 0.99999713 -0.00089538 0.21283091
-0.00234520 0.00089016 0.99999685 -0.06386783
0.00000000 0.00000000 0.00000000 1.00000000
7	7	8
0.99999288 0.00184865 0.00329079 -0.23346286
-0.00184500 0.99999768 -0.00111092 0.20995952
-0.00329283 0.00110484 0.99999397 -0.08032388
0.00000000 0.00000000 0.00000000 1.00000000
8	8	9
0.99999094 -0.00179150 0.00386175 -0.21281447
0.00180639 0.99999093 -0.00385607 0.12944778
-0.00385481 0.00386301 0.99998511 -0.10211821
0.00000000 0.00000000 0.00000000 1.00000000
9	9	10
0.99999357 -0.00105688 0.00342576 -0.20802588
0.00104046 0.99998799 0.00478948 0.11066990
-0.00343078 -0.00478589 0.99998266 -0.10134289
0.00000000 0.00000000 0.00000000 1.00000000
10	10	11
0.99999470 -0.00101407 0.00309512 -0.21779115
0.00098190 0.99994567 0.01037729 0.09953558
-0.00310547 -0.01037420 0.99994136 -0.09467344
0.00000000 0.00000000 0.00000000 1.00000000
11	11	12
0.99999083 -0.00162811 0.00396169 -0.21600758
0.00158897 0.99995009 0.00986386 0.12160239
-0.00397755 -0.00985747 0.99994350 -0.13889216
0.00000000 0.00000000 0.00000000 1.00000000
12	12	13
0.99999203 -0.00073945 0.00392346 -0.22432177
0.00065703 0.99977996 0.02096671 0.11010120
-0.00393810 -0.02096397 0.99977248 -0.14486477
0.00000000 0.00000000 0.00000000 1.00000000
13	13	14
0.99998901 -0.00221460 0.00413288 -0.19841096
0.00211088 0.99968684 0.02493522 0.17992266
-0.00418681 -0.02492622 0.99968053 -0.16637182
0.00000000 0.00000000 0.00000000 1.00000000
14	14	15
0.99999065 -0.00021492 0.00431969 -0.19109762
0.00007434 0.99947112 0.03251869 0.12675841
-0.00432439 -0.03251806 0.99946179 -0.17864499
0.00000000 0.00000000 0.00000000 1.00000000
15	15	16
0.99999588 0.00076416 0.00276703 -0.19951417
-0.00084690 0.99954870 0.03002798 0.07215236
-0.00274284 -0.03003020 0.99954523 -0.11484083
0.00000000 0.00000000 0.00000000 1.00000000
16	16	17
0.99999742 0.00084578 0.00210943 -0.18354667
-0.00089290 0.99974792 0.02243412 0.04376042
-0.00208993 -0.02243594 0.99974610 -0.10585404
0.00000000 0.00000000 0.00000000 1.00000000
17	17	18
0.99999156 0.00330163 0.00244462 -0.17688760
-0.00337642 0.99950583 0.03125226 -0.06615996
-0.00234022 -0.03126025 0.99950854 -0.12220013
0.00000000 0.00000000 0.00000000 1.00000000
18	18	19
0.99999457 0.00230564 0.00235613 -0.14595679
-0.00236688 0.99965049 0.02633048 -0.02036533
-0.00229460 -0.02633592 0.99965052 -0.14299593
0.00000000 0.00000000 0.00000000 1.00000000
19	19	20
0.99999177 0.00245103 0.00323182 -0.13879984
-0.00254512 0.99956330 0.02944045 -0.01634726
-0.00315825 -0.02944843 0.99956131 -0.19700458
0.00000000 0.00000000 0.00000000 1.00000000
20	20	21
0.99998932 0.00397535 0.00235728 -0.13504867
-0.00404481 0.99953469 0.03023316 -0.08136072
-0.00223600 -0.03024237 0.99954009 -0.15437157
0.00000000 0.00000000 0.00000000 1.00000000
21	21	22
0.99998679 0.00475012 0.00196448 -0.12287799
-0.00480545 0.99956237 0.02918866 -0.12658876
-0.00182497 -0.02919772 0.99957199 -0.13459314
0.00000000 0.00000000 0.00000000 1.00000000
22	22	23
0.99998579 0.00497515 0.00191468 -0.12832100
-0.00503167 0.99951473 0.03074059 -0.11342191
-0.00176082 -0.03074978 0.99952556 -0.14295247
0.00000000 0.00000000 0.00000000 1.00000000
23	23	24
0.99998528 0.00491312 0.00230235 -0.13092179
-0.00499231 0.99934808 0.03575611 -0.06633385
-0.00212517 -0.03576708 0.99935789 -0.18251263
0.00000000 0.00000000 0.00000000 1.00000000
24	24	25
0.99997222 0.00671048 0.00324351 -0.12788277
-0.00684648 0.99901178 0.04391572 -0.15257624
-0.00294561 -0.04393671 0.99902997 -0.24775597
0.00000000 0.00000000 0.00000000 1.00000000
25	25	26
0.99996696 0.00727824 0.00361985 -0.14761082
-0.00741650 0.99918119 0.03977378 -0.21623701
-0.00332741 -0.03979932 0.99920215 -0.29298997
0.00000000 0.00000000 0.00000000 1.00000000
26	26	27
0.99994666 0.00961170 0.00378149 -0.15987311
-0.00979107 0.99866668 0.05068534 -0.35274780
-0.00328927 -0.05071966 0.99870751 -0.26899943
0.00000000 0.00000000 0.00000000 1.00000000
27	27	28
0.99994446 0.00986134 0.00371978 -0.17352789
-0.01003246 0.99873865 0.04919825 -0.39475394
-0.00322993 -0.04923284 0.99878211 -0.26365137
0.00000000 0.00000000 0.00000000 1.00000000
28	28	29
0.99992972 0.01083928 0.00480339 -0.18537570
-0.01108536 0.99844841 0.05457002 -0.47045790
-0.00420443 -0.05461943 0.99849839 -0.34075890
0.00000000 0.00000000 0.00000000 1.00000000
29	29	30
0.99991817 0.01199741 0.00444015 -0.20465127
-0.01218660 0.99889605 0.04536703 -0.63533464
-0.00389096 -0.04541743 0.99896052 -0.32071658
0.00000000 0.00000000 0.00000000 1.00000000
30	30	31
0.99990610 0.01272017 0.00509775 -0.21472158
-0.01292825 0.99898673 0.04310888 -0.72192246
-0.00454423 -0.04317074 0.99905737 -0.38575110
0.00000000 0.00000000 0.00000000 1.00000000
31	31	32
0.99992886 0.01106662 0.00445124 -0.22457412
-0.01124203 0.99907405 0.04152891 -0.60749409
-0.00398753 -0.04157600 0.99912739 -0.34639138
0.00000000 0.00000000 0.00000000 1.00000000
32	32	33
0.99989434 0.01369864 0.00486433 -0.24695509
-0.01393085 0.99857914 0.05143569 -0.74899260
-0.00415282 -0.05149802 0.99866446 -0.35652337
0.00000000 0.00000000 0.00000000 1.00000000
33	33	34
0.99989488 0.01333765 0.00568609 -0.28325287
-0.01361557 0.99855324 0.05201956 -0.73588832
-0.00498404 -0.05209151 0.99862988 -0.43276707
0.00000000 0.00000000 0.00000000 1.00000000
34	34	35
0.99987940 0.01504883 0.00383581 -0.32399227
-0.01522257 0.99862218 0.05021973 -0.86299871
-0.00307477 -0.05027207 0.99873083 -0.28592759
0.00000000 0.00000000 0.00000000 1.00000000
35	35	36
0.99985326 0.01631342 0.00522853 -0.37757533
-0.01656235 0.99852248 0.05175468 -0.99896740
-0.00437651 -0.05183368 0.99864614 -0.39224328
0.00000000 0.00000000 0.00000000 1.00000000
36	36	37
0.99985186 0.01634292 0.00539989 -0.41622929
-0.01659306 0.99860721 0.05008307 -0.99515468
-0.00457387 -0.05016525 0.99873046 -0.40081247
0.00000000 0.00000000 0.00000000 1.00000000
37	37	38
0.99989281 0.01354938 0.00554841 -0.43890139
-0.01381543 0.99859748 0.05110967 -0.79663857
-0.00484812 -0.05118085 0.99867763 -0.41449613
0.00000000 0.00000000 0.00000000 1.00000000
38	38	39
0.99988468 0.01447958 0.00457993 -0.45794510
-0.01469537 0.99857812 0.05124233 -0.89401787
-0.00383145 -0.05130372 0.99867575 -0.33991515
0.00000000 0.00000000 0.00000000 1.00000000
39	39	40
0.99987448 0.01557719 0.00289296 -0.45205036
-0.01570717 0.99850893 0.05227998 -0.99063471
-0.00207427 -0.05231886 0.99862828 -0.20342914
0.00000000 0.00000000 0.00000000 1.00000000
40	40	41
0.99985245 0.01687976 0.00318520 -0.48730125
-0.01703019 0.99832302 0.05532732 -1.17976785
-0.00224595 -0.05537340 0.99846319 -0.20411055
0.00000000 0.00000000 0.00000000 1.00000000
41	41	42
0.99983943 0.01759002 0.00342160 -0.52375014
-0.01775964 0.99814142 0.05829494 -1.35900557
-0.00238983 -0.05834635 0.99829354 -0.19877983
0.00000000 0.00000000 0.00000000 1.00000000
42	42	43
0.99985337 0.01693165 0.00255957 -0.51244753
-0.01704008 0.99855674 0.05093208 -1.03724075
-0.00169351 -0.05096823 0.99869884 -0.16990937
0.00000000 0.00000000 0.00000000 1.00000000
43	43	44
0.99985465 0.01700959 0.00116566 -0.49021066
-0.01704631 0.99864904 0.04908682 -0.97587695
-0.00032913 -0.04909955 0.99879384 -0.05254626
0.00000000 0.00000000 0.00000000 1.00000000
44	44	45
0.99989952 0.01411990 0.00125688 -0.51957686
-0.01416683 0.99847827 0.05329579 -0.90795336
-0.00050244 -0.05330824 0.99857798 -0.05038029
0.00000000 0.00000000 0.00000000 1.00000000
45	45	46
0.99988010 0.01540704 0.00155504 -0.54423408
-0.01546867 0.99841148 0.05417785 -1.05319204
-0.00071785 -0.05419541 0.99853009 -0.06270333
0.00000000 0.00000000 0.00000000 1.00000000
46	46	47
0.99985397 0.01685130 0.00284259 -0.62356687
-0.01698092 0.99837818 0.05433840 -1.19143171
-0.00192231 -0.05437873 0.99851853 -0.14467009
0.00000000 0.00000000 0.00000000 1.00000000
47	47	48
0.99983828 0.01771015 0.00312450 -0.64828823
-0.01785228 0.99840157 0.05362459 -1.22601313
-0.00216981 -0.05367169 0.99855628 -0.15374357
0.00000000 0.00000000 0.00000000 1.00000000
48	48	49
0.99983293 0.01748960 0.00531211 -0.81664457
-0.01774808 0.99842086 0.05329915 -1.19270377
-0.00437154 -0.05338452 0.99856446 -0.32738294
0.00000000 0.00000000 0.00000000 1.00000000
49	49	50
0.99965227 0.02551335 0.00666466 -1.01652764
-0.02583409 0.99823093 0.05355006 -1.92590592
-0.00528663 -0.05370362 0.99854293 -0.40203881
0.00000000 0.00000000 0.00000000 1.00000000
50	50	51
0.99958739 0.02835594 0.00458236 -0.92440391
-0.02855754 0.99821360 0.05247932 -2.12158995
-0.00308607 -0.05258853 0.99861150 -0.26404825
0.00000000 0.00000000 0.00000000 1.00000000
51	51	52
0.99960168 0.02759438 0.00591884 -1.04188301
-0.02784765 0.99845275 0.04813131 -1.75696023
-0.00458152 -0.04827696 0.99882348 -0.38872968
0.00000000 0.00000000 0.00000000 1.00000000
52	52	53
0.99971094 0.02303754 0.00687748 -1.12946524
-0.02336278 0.99838909 0.05170506 -1.72218882
-0.00567524 -0.05185080 0.99863872 -0.45397968
0.00000000 0.00000000 0.00000000 1.00000000
53	53	54
0.99967369 0.02461504 0.00682691 -1.15561229
-0.02491800 0.99850935 0.04856091 -1.61756338
-0.00562140 -0.04871517 0.99879689 -0.45601622
0.00000000 0.00000000 0.00000000 1.00000000
54	54	55
0.99971299 0.02276332 0.00746724 -1.21637662
-0.02308726 0.99864575 0.04662236 -1.34028271
-0.00639585 -0.04678138 0.99888468 -0.52094686
0.00000000 0.00000000 0.00000000 1.00000000
55	55	56
0.99969468 0.02329747 0.00823257 -1.28809725
-0.02364799 0.99868839 0.04541221 -1.32747242
-0.00716378 -0.04559303 0.99893441 -0.57293590
0.00000000 0.00000000 0.00000000 1.00000000
56	56	57
0.99969708 0.02329323 0.00794844 -1.26362107
-0.02365461 0.99852409 0.04888873 -1.64053422
-0.00679793 -0.04906194 0.99877260 -0.52755058
0.00000000 0.00000000 0.00000000 1.00000000
57	57	58
0.99968774 0.02394998 0.00712860 -1.18895540
-0.02425127 0.99866071 0.04570197 -1.43176300
-0.00602449 -0.04586057 0.99892968 -0.47423815
0.00000000 0.00000000 0.00000000 1.00000000
58	58	59
0.99974483 0.02159528 0.00662748 -1.13621150
-0.02187632 0.99871313 0.04575482 -1.25386036
-0.00563086 -0.04588813 0.99893071 -0.44145717
0.00000000 0.00000000 0.00000000 1.00000000
59	59	60
0.99972826 0.02198842 0.00774097 -1.22504705
-0.02233127 0.99862589 0.04740939 -1.45805519
-0.00668788 -0.04756937 0.99884555 -0.51837171
0.00000000 0.00000000 0.00000000 1.00000000
60	60	61
0.99976973 0.02018837 0.00727383 -1.14536798
-0.02051330 0.99864746 0.04777511 -1.35440317
-0.00629949 -0.04791332 0.99883163 -0.47660172
0.00000000 0.00000000 0.00000000 1.00000000
61	61	62
0.99979416 0.01949419 0.00562243 -0.96868772
-0.01973719 0.99869956 0.04700670 -1.21022331
-0.00469876 -0.04710800 0.99887875 -0.33142068
0.00000000 0.00000000 0.00000000 1.00000000
62	62	63
0.99975794 0.02148556 0.00473608 -0.86523579
-0.02167318 0.99879816 0.04396024 -1.09328174
-0.00378588 -0.04405224 0.99902206 -0.26080237
0.00000000 0.00000000 0.00000000 1.00000000
63	63	64
0.99975259 0.02181360 0.00435107 -0.79575354
-0.02198191 0.99881766 0.04335991 -1.07107326
-0.00340009 -0.04344483 0.99905004 -0.21793358
0.00000000 0.00000000 0.00000000 1.00000000
64	64	65
0.99975289 0.02184071 0.00414142 -0.73085489
-0.02200036 0.99881086 0.04350693 -1.10005205
-0.00318628 -0.04358730 0.99904454 -0.18585111
0.00000000 0.00000000 0.00000000 1.00000000
65	65	66
0.99974355 0.02228731 0.00401349 -0.68876646
-0.02243714 0.99885475 0.04225835 -1.02574341
-0.00306707 -0.04233756 0.99909866 -0.18061660
0.00000000 0.00000000 0.00000000 1.00000000
66	66	67
0.99973475 0.02270925 0.00383561 -0.64820296
-0.02285780 0.99874413 0.04458337 -1.29231344
-0.00281833 -0.04465921 0.99899830 -0.14118507
0.00000000 0.00000000 0.00000000 1.00000000
67	67	68
0.99972562 0.02308239 0.00398686 -0.67114749
-0.02323653 0.99874726 0.04431678 -1.28350451
-0.00295893 -0.04439726 0.99900957 -0.16019335
0.00000000 0.00000000 0.00000000 1.00000000
68	68	69
0.99970101 0.02420595 0.00345789 -0.63329988
-0.02434147 0.99860528 0.04685070 -1.66906660
-0.00231901 -0.04692086 0.99889592 -0.07446432
0.00000000 0.00000000 0.00000000 1.00000000
69	69	70
0.99973108 0.02282957 0.00407068 -0.72905339
-0.02299996 0.99856341 0.04839544 -1.63223494
-0.00295998 -0.04847605 0.99881996 -0.15315905
0.00000000 0.00000000 0.00000000 1.00000000
70	70	71
0.99969676 0.02437723 0.00348448 -0.69629123
-0.02452051 0.99846036 0.04975587 -1.95542154
-0.00226620 -0.04982622 0.99875533 -0.06518680
0.00000000 0.00000000 0.00000000 1.00000000
71	71	72
0.99973231 0.02288155 0.00342734 -0.70189649
-0.02300840 0.99880058 0.04322050 -1.10601148
-0.00243428 -0.04328778 0.99905968 -0.12939517
0.00000000 0.00000000 0.00000000 1.00000000
72	72	73
0.99973370 0.02274467 0.00389871 -0.77256342
-0.02290560 0.99858658 0.04796013 -1.54780797
-0.00280236 -0.04803666 0.99884164 -0.15919427
0.00000000 0.00000000 0.00000000 1.00000000
73	73	74
0.99978125 0.02056305 0.00382159 -0.75334357
-0.02072084 0.99866680 0.04727869 -1.16798342
-0.00284430 -0.04734753 0.99887443 -0.18453271
0.00000000 0.00000000 0.00000000 1.00000000
74	74	75
0.99973809 0.02228586 0.00520410 -0.86907463
-0.02251689 0.99851421 0.04962210 -1.62379639
-0.00409050 -0.04972629 0.99875451 -0.35604345
0.00000000 0.00000000 0.00000000 1.00000000
75	75	76
0.99969274 0.02446079 0.00401139 -0.74415129
-0.02462649 0.99852300 0.04842882 -1.81476662
-0.00282086 -0.04851272 0.99881858 -0.18880997
0.00000000 0.00000000 0.00000000 1.00000000
76	76	77
0.99961551 0.02749562 0.00358135 -0.69735553
-0.02763661 0.99845066 0.04829599 -2.20880923
-0.00224787 -0.04837639 0.99882665 -0.10684216
0.00000000 0.00000000 0.00000000 1.00000000
77	77	78
0.99960514 0.02788691 0.00344633 -0.65202858
-0.02802354 0.99837799 0.04955868 -2.35316592
-0.00205870 -0.04963569 0.99876527 -0.08165040
0.00000000 0.00000000 0.00000000 1.00000000
78	78	79
0.99966614 0.02552103 0.00403560 -0.64481427
-0.02568530 0.99851995 0.04793927 -1.83886918
-0.00280617 -0.04802692 0.99884210 -0.21988327
0.00000000 0.00000000 0.00000000 1.00000000
79	79	80
0.99960228 0.02778102 0.00484659 -0.68960281
-0.02799093 0.99832626 0.05060819 -2.39856884
-0.00343253 -0.05072373 0.99870682 -0.32107929
0.00000000 0.00000000 0.00000000 1.00000000
80	80	81
0.99960888 0.02760335 0.00448759 -0.63082328
-0.02779150 0.99839283 0.04939014 -2.24698778
-0.00311704 -0.04949554 0.99876948 -0.29487837
0.00000000 0.00000000 0.00000000 1.00000000
81	81	82
0.99957562 0.02873797 0.00476502 -0.63184915
-0.02893788 0.99836899 0.04921348 -2.40046957
-0.00334295 -0.04933049 0.99877692 -0.34962759
0.00000000 0.00000000 0.00000000 1.00000000
82	82	83
0.99956408 0.02922899 0.00416186 -0.56117740
-0.02940114 0.99830793 0.05016823 -2.50946842
-0.00268845 -0.05026872 0.99873211 -0.24426131
0.00000000 0.00000000 0.00000000 1.00000000
83	83	84
0.99952453 0.03064409 0.00341349 -0.50568648
-0.03077480 0.99832027 0.04908717 -2.68040081
-0.00190353 -0.04916888 0.99878867 -0.12583121
0.00000000 0.00000000 0.00000000 1.00000000
84	84	85
0.99952798 0.03060429 0.00268173 -0.43758559
-0.03070346 0.99812197 0.05300792 -2.88987020
-0.00105443 -0.05306524 0.99859049 0.02798573
0.00000000 0.00000000 0.00000000 1.00000000
85	85	86
0.99962544 0.02727181 0.00228609 -0.37444658
-0.02734987 0.99848592 0.04772693 -1.95689473
-0.00098103 -0.04777158 0.99885780 0.00170669
0.00000000 0.00000000 0.00000000 1.00000000
86	86	87
0.99963243 0.02707429 0.00140747 -0.31609858
-0.02711058 0.99850602 0.04744199 -1.85687374
-0.00012090 -0.04746271 0.99887300 0.13409699
0.00000000 0.00000000 0.00000000 1.00000000
87	87	88
0.99958715 0.02869481 0.00145941 -0.32707443
-0.02873187 0.99836911 0.04933144 -2.24503431
-0.00004147 -0.04935301 0.99878140 0.14951521
0.00000000 0.00000000 0.00000000 1.00000000
88	88	89
0.99956743 0.02940727 0.00041411 -0.28839862
-0.02939378 0.99844063 0.04745845 -2.28322776
0.00098216 -0.04745010 0.99887313 0.34272185
0.00000000 0.00000000 0.00000000 1.00000000
89	89	90
0.99957824 0.02903412 -0.00060694 -0.24079025
-0.02897487 0.99850653 0.04631592 -2.14711198
0.00195078 -0.04627880 0.99892666 0.53106311
0.00000000 0.00000000 0.00000000 1.00000000
90	90	91
0.99960077 0.02824203 -0.00083012 -0.21342318
-0.02817777 0.99862554 0.04419328 -1.91563880
0.00207709 -0.04415225 0.99902265 0.55551451
0.00000000 0.00000000 0.00000000 1.00000000
91	91	92
0.99961290 0.02778295 -0.00147109 -0.18691073
-0.02768693 0.99857441 0.04563526 -1.88553847
0.00273687 -0.04557686 0.99895709 0.69706055
0.00000000 0.00000000 0.00000000 1.00000000
92	92	93
0.99965337 0.02618286 -0.00275817 -0.12952545
-0.02602250 0.99853298 0.04748393 -1.62869235
0.00399739 -0.04739570 0.99886819 0.95347035
0.00000000 0.00000000 0.00000000 1.00000000
93	93	94
0.99969225 0.02467782 -0.00253271 -0.11716028
-0.02452106 0.99845641 0.04983479 -1.40992672
0.00375861 -0.04975735 0.99875426 0.93086350
0.00000000 0.00000000 0.00000000 1.00000000
94	94	95
0.99968117 0.02515238 -0.00221940 -0.12650298
-0.02501623 0.99852389 0.04821019 -1.43651901
0.00342873 -0.04813930 0.99883475 0.86576876
0.00000000 0.00000000 0.00000000 1.00000000
95	95	96
0.99966430 0.02588893 -0.00102449 -0.16648187
-0.02581242 0.99856594 0.04690187 -1.52072198
0.00223726 -0.04685968 0.99889898 0.65504078
0.00000000 0.00000000 0.00000000 1.00000000
96	96	97
0.99968221 0.02519418 -0.00085480 -0.16547255
-0.02512389 0.99852569 0.04811698 -1.41923498
0.00206580 -0.04808021 0.99884134 0.63461774
0.00000000 0.00000000 0.00000000 1.00000000
97	97	98
0.99968831 0.02495484 -0.00074022 -0.16686811
-0.02488722 0.99845396 0.04970226 -1.38926490
0.00197939 -0.04966835 0.99876380 0.62950278
0.00000000 0.00000000 0.00000000 1.00000000
98	98	99
0.99967943 0.02528464 -0.00131426 -0.16072836
-0.02519086 0.99849916 0.04862964 -1.39601181
0.00254187 -0.04858094 0.99881601 0.71586808
0.00000000 0.00000000 0.00000000 1.00000000
99	99	100
0.99970821 0.02410204 -0.00161131 -0.15288533
-0.02400000 0.99861111 0.04690248 -1.15649425
0.00273951 -0.04685012 0.99889817 0.74582399
0.00000000 0.00000000 0.00000000 1.00000000
100	100	101
0.99972479 0.02340756 -0.00155843 -0.16271402
-0.02330839 0.99862099 0.04704087 -1.02494665
0.00265739 -0.04699160 0.99889175 0.71929988
0.00000000 0.00000000 0.00000000 1.00000000
101	101	102
0.99977985 0.02095489 -0.00107143 -0.16439030
-0.02087675 0.99856902 0.04923498 -0.65036665
0.00210161 -0.04920177 0.99878665 0.62618359
0.00000000 0.00000000 0.00000000 1.00000000
102	102	103
0.99979245 0.02035025 -0.00096630 -0.16375282
-0.02027629 0.99853787 0.05010975 -0.55786849
0.00198463 -0.05007976 0.99874325 0.60589620
0.00000000 0.00000000 0.00000000 1.00000000
103	103	104
0.99984672 0.01741969 -0.00175585 -0.13129506
-0.01732117 0.99880296 0.04574527 -0.02195732
0.00255061 -0.04570784 0.99895159 0.68527082
0.00000000 0.00000000 0.00000000 1.00000000
104	104	105
0.99989273 0.01452081 -0.00191666 -0.09815079
-0.01445665 0.99944331 0.03006801 0.54171144
0.00235221 -0.03003707 0.99954602 0.60923882
0.00000000 0.00000000 0.00000000 1.00000000
105	105	106
0.99990202 0.01380380 -0.00232657 -0.07367426
-0.01372558 0.99943075 0.03081864 0.66773398
0.00275066 -0.03078369 0.99952229 0.66855046
0.00000000 0.00000000 0.00000000 1.00000000
106	106	107
0.99992111 0.01234485 -0.00232063 -0.04652998
-0.01226726 0.99944700 0.03090636 0.90920304
0.00270088 -0.03087545 0.99951959 0.65672306
0.00000000 0.00000000 0.00000000 1.00000000
107	107	108
0.99991328 0.01289959 -0.00265212 -0.02808000
-0.01281348 0.99945991 0.03026046 0.84466866
0.00304104 -0.03022385 0.99953853 0.70701783
0.00000000 0.00000000 0.00000000 1.00000000
108	108	109
0.99991650 0.01259607 -0.00288616 -0.01044750
-0.01250488 0.99948086 0.02969224 0.89003035
0.00325866 -0.02965367 0.99955492 0.72787800
0.00000000 0.00000000 0.00000000 1.00000000
109	109	110
0.99992611 0.01189888 -0.00248747 0.01680180
-0.01182455 0.99953742 0.02802026 0.96710134
0.00281973 -0.02798878 0.99960426 0.63685100
0.00000000 0.00000000 0.00000000 1.00000000
110	110	111
0.99989905 0.01397988 -0.00254024 0.01343360
-0.01390344 0.99951235 0.02796002 0.66631256
0.00292988 -0.02792188 0.99960581 0.64389307
0.00000000 0.00000000 0.00000000 1.00000000
111	111	112
0.99987455 0.01560975 -0.00268731 0.00031888
-0.01553596 0.99955200 0.02558202 0.34891255
0.00308544 -0.02553706 0.99966911 0.65603870
0.00000000 0.00000000 0.00000000 1.00000000
112	112	113
0.99990406 0.01349893 -0.00310698 -0.00739566
-0.01341753 0.99960043 0.02487864 0.64673176
0.00344158 -0.02483457 0.99968565 0.70681378
0.00000000 0.00000000 0.00000000 1.00000000
113	113	114
0.99991330 0.01287909 -0.00274264 0.01154090
-0.01280782 0.99961566 0.02458634 0.73761450
0.00305824 -0.02454908 0.99969395 0.65298141
0.00000000 0.00000000 0.00000000 1.00000000
114	114	115
0.99992981 0.01160530 -0.00238607 0.03568027
-0.01154636 0.99965977 0.02338858 0.88782718
0.00265669 -0.02335939 0.99972360 0.59071602
0.00000000 0.00000000 0.00000000 1.00000000
115	115	116
0.99991893 0.01261894 -0.00170168 0.07718127
-0.01257847 0.99967886 0.02199907 0.67786795
0.00197874 -0.02197588 0.99975654 0.48837346
0.00000000 0.00000000 0.00000000 1.00000000
116	116	117
0.99993470 0.01137116 -0.00113544 0.12444634
-0.01134583 0.99973046 0.02025558 0.77640076
0.00136546 -0.02024138 0.99979419 0.38975604
0.00000000 0.00000000 0.00000000 1.00000000
117	117	118
0.99990777 0.01353072 -0.00117494 0.11868959
-0.01350567 0.99972428 0.01920841 0.40143644
0.00143452 -0.01919077 0.99981481 0.39444134
0.00000000 0.00000000 0.00000000 1.00000000
118	118	119
0.99993546 0.01136137 -0.00004252 0.19657144
-0.01135902 0.99979188 0.01694635 0.58877456
0.00023504 -0.01694477 0.99985640 0.21151786
0.00000000 0.00000000 0.00000000 1.00000000
119	119	120
0.99992917 0.01189868 0.00027255 0.20911403
-0.01190163 0.99977706 0.01744090 0.55521538
-0.00006497 -0.01744291 0.99984786 0.15980288
0.00000000 0.00000000 0.00000000 1.00000000
120	120	121
0.99993228 0.01163634 -0.00014967 0.17465821
-0.01163260 0.99981132 0.01555650 0.47675877
0.00033066 -0.01555371 0.99987898 0.21281972
0.00000000 0.00000000 0.00000000 1.00000000
121	121	122
0.99993255 0.01159765 -0.00062755 0.13372651
-0.01158882 0.99985340 0.01260436 0.28003954
0.00077364 -0.01259624 0.99992036 0.27267919
0.00000000 0.00000000 0.00000000 1.00000000
122	122	123
0.99994472 0.01050945 -0.00034095 0.16327409
-0.01050467 0.99987456 0.01185356 0.40766421
0.00046549 -0.01184932 0.99992969 0.22005291
0.00000000 0.00000000 0.00000000 1.00000000
123	123	124
0.99996462 0.00840367 -0.00036992 0.16373717
-0.00839819 0.99988129 0.01291772 0.82431568
0.00047843 -0.01291416 0.99991649 0.22353421
0.00000000 0.00000000 0.00000000 1.00000000
124	124	125
0.99996200 0.00871620 0.00015452 0.19306883
-0.00871747 0.99987648 0.01307752 0.81922417
-0.00004051 -0.01307837 0.99991447 0.13230004
0.00000000 0.00000000 0.00000000 1.00000000
125	125	126
0.99996541 0.00827560 0.00082888 0.24603734
-0.00828643 0.99986706 0.01404283 0.97639567
-0.00071256 -0.01404922 0.99990105 0.01755358
0.00000000 0.00000000 0.00000000 1.00000000
126	126	127
0.99997748 0.00664843 0.00091683 0.26427534
-0.00666117 0.99987025 0.01466674 1.29089566
-0.00081920 -0.01467252 0.99989202 -0.00661380
0.00000000 0.00000000 0.00000000 1.00000000
127	127	128
0.99996881 0.00784114 0.00094732 0.26876627
-0.00785420 0.99986146 0.01467583 1.13184894
-0.00083211 -0.01468282 0.99989186 -0.01329319
0.00000000 0.00000000 0.00000000 1.00000000
128	128	129
0.99996562 0.00818632 0.00131930 0.31129961
-0.00820458 0.99986140 0.01448698 1.06324065
-0.00120052 -0.01449731 0.99989419 -0.08122980
0.00000000 0.00000000 0.00000000 1.00000000
129	129	130
0.99995477 0.00938299 0.00155276 0.33515677
-0.00940577 0.99983751 0.01537824 0.99649161
-0.00140821 -0.01539215 0.99988054 -0.11716176
0.00000000 0.00000000 0.00000000 1.00000000
130	130	131
0.99994034 0.01087401 0.00103738 0.25640634
-0.01088715 0.99984775 0.01363635 0.58440597
-0.00088894 -0.01364683 0.99990648 -0.05558731
0.00000000 0.00000000 0.00000000 1.00000000
131	131	132
0.99993591 0.01126847 0.00109000 0.24595710
-0.01128208 0.99984643 0.01340977 0.49336592
-0.00093873 -0.01342121 0.99990949 -0.06584108
0.00000000 0.00000000 0.00000000 1.00000000
132	132	133
0.99993158 0.01158077 0.00165208 0.29284284
-0.01160220 0.99984003 0.01361295 0.47009130
-0.00149416 -0.01363119 0.99990597 -0.15260914
0.00000000 0.00000000 0.00000000 1.00000000
133	133	134
0.99993408 0.01136958 0.00160033 0.28344994
-0.01138801 0.99986293 0.01201829 0.33663125
-0.00146347 -0.01203572 0.99992650 -0.15108670
0.00000000 0.00000000 0.00000000 1.00000000
134	134	135
0.99992938 0.01170562 0.00205297 0.33304769
-0.01172716 0.99987275 0.01081431 0.13906951
-0.00192612 -0.01083762 0.99993942 -0.22177382
0.00000000 0.00000000 0.00000000 1.00000000
135	135	136
0.99992932 0.01175196 0.00180149 0.30375542
-0.01177352 0.99985303 0.01246230 0.27339249
-0.00165477 -0.01248263 0.99992072 -0.18136350
0.00000000 0.00000000 0.00000000 1.00000000
136	136	137
0.99993844 0.01095408 0.00176981 0.30688075
-0.01097445 0.99986850 0.01193949 0.29391520
-0.00163880 -0.01195818 0.99992716 -0.18572525
0.00000000 0.00000000 0.00000000 1.00000000
137	137	138
0.99995036 0.00987535 0.00132383 0.25988610
-0.00989187 0.99986512 0.01311109 0.54469788
-0.00119417 -0.01312354 0.99991317 -0.12162343
0.00000000 0.00000000 0.00000000 1.00000000
138	138	139
0.99995028 0.00986595 0.00145022 0.27312581
-0.00988539 0.99985218 0.01406744 0.62378895
-0.00131122 -0.01408108 0.99990000 -0.13584891
0.00000000 0.00000000 0.00000000 1.00000000
139	139	140
0.99995754 0.00901135 0.00192549 0.32320820
-0.00903813 0.99985573 0.01438158 0.75204791
-0.00179561 -0.01439837 0.99989473 -0.20600880
0.00000000 0.00000000 0.00000000 1.00000000
140	140	141
0.99996023 0.00873642 0.00179243 0.31082590
-0.00875916 0.99987591 0.01309333 0.62465275
-0.00167782 -0.01310851 0.99991267 -0.18686386
0.00000000 0.00000000 0.00000000 1.00000000
141	141	142
0.99995925 0.00886772 0.00169204 0.30641732
-0.00888889 0.99987668 0.01294627 0.56116823
-0.00157703 -0.01296078 0.99991476 -0.16683785
0.00000000 0.00000000 0.00000000 1.00000000
142	142	143
0.99995428 0.00946429 0.00136298 0.27960401
-0.00948086 0.99987428 0.01270958 0.41218775
-0.00124252 -0.01272192 0.99991830 -0.10427879
0.00000000 0.00000000 0.00000000 1.00000000
143	143	144
0.99994638 0.01027292 0.00130909 0.31123642
-0.01028481 0.99990271 0.00942325 -0.07713517
-0.00121216 -0.00943621 0.99995474 -0.09219410
0.00000000 0.00000000 0.00000000 1.00000000
144	144	145
0.99994937 0.00998967 0.00121285 0.35587140
-0.01000145 0.99989860 0.01013744 -0.00126951
-0.00111146 -0.01014906 0.99994788 -0.04257365
0.00000000 0.00000000 0.00000000 1.00000000
145	145	146
0.99994208 0.01069340 0.00121902 0.39317803
-0.01070404 0.99990142 0.00908750 -0.23937063
-0.00112172 -0.00910002 0.99995796 -0.02242418
0.00000000 0.00000000 0.00000000 1.00000000
146	146	147
0.99995008 0.00993563 0.00105939 0.42386141
-0.00994511 0.99990674 0.00935963 -0.11438920
-0.00096630 -0.00936970 0.99995564 0.00930332
0.00000000 0.00000000 0.00000000 1.00000000
147	147	148
0.99995238 0.00971078 0.00096819 0.45550550
-0.00971964 0.99990653 0.00961591 -0.07110552
-0.00087472 -0.00962487 0.99995330 0.04435460
0.00000000 0.00000000 0.00000000 1.00000000
148	148	149
0.99994465 0.01049268 0.00077632 0.46516077
-0.01049720 0.99992649 0.00606770 -0.57421637
-0.00071259 -0.00607551 0.99998129 0.07798580
0.00000000 0.00000000 0.00000000 1.00000000
149	149	150
0.99995203 0.00975521 0.00087480 0.51744849
-0.00976214 0.99991789 0.00830152 -0.24157241
-0.00079375 -0.00830966 0.99996516 0.08110959
0.00000000 0.00000000 0.00000000 1.00000000
150	150	151
0.99996343 0.00853729 0.00050233 0.54134517
-0.00854048 0.99994087 0.00673206 -0.24374457
-0.00044483 -0.00673611 0.99997721 0.14776981
0.00000000 0.00000000 0.00000000 1.00000000
151	151	152
0.99995202 0.00974070 -0.00104132 0.41795672
-0.00973823 0.99994982 0.00234869 -0.88266982
0.00106415 -0.00233843 0.99999670 0.39803662
0.00000000 0.00000000 0.00000000 1.00000000
152	152	153
0.99994936 0.01006317 -0.00005604 0.54615360
-0.01006270 0.99993376 0.00558717 -0.60904612
0.00011226 -0.00558633 0.99998439 0.29825140
0.00000000 0.00000000 0.00000000 1.00000000
153	153	154
0.99994730 0.01021218 0.00105030 0.67368850
-0.01022517 0.99986051 0.01320639 0.12279711
-0.00091529 -0.01321644 0.99991224 0.19915170
0.00000000 0.00000000 0.00000000 1.00000000
154	154	155
0.99994995 0.00993635 0.00116532 0.70005194
-0.00995809 0.99974156 0.02043659 0.89745681
-0.00096195 -0.02044717 0.99979047 0.24986568
0.00000000 0.00000000 0.00000000 1.00000000
155	155	156
0.99994405 0.01048552 0.00139541 0.72005861
-0.01052178 0.99951876 0.02918110 1.68536408
-0.00108876 -0.02919415 0.99957317 0.26274795
0.00000000 0.00000000 0.00000000 1.00000000
156	156	157
0.99995991 0.00885527 0.00132725 0.69387061
-0.00887291 0.99986349 0.01393799 0.39577666
-0.00120364 -0.01394921 0.99990198 0.20499506
0.00000000 0.00000000 0.00000000 1.00000000
157	157	158
0.99997554 0.00658069 0.00236794 0.76236013
-0.00660334 0.99993127 0.00968774 0.26035396
-0.00230402 -0.00970313 0.99995027 0.06197320
0.00000000 0.00000000 0.00000000 1.00000000
158	158	159
0.99997681 0.00619433 0.00282923 0.80128933
-0.00621140 0.99996233 0.00606349 -0.02317497
-0.00279156 -0.00608092 0.99997761 -0.00195490
0.00000000 0.00000000 0.00000000 1.00000000
159	159	160
0.99997508 0.00618133 0.00340996 0.85275940
-0.00620197 0.99996230 0.00607750 0.00760589
-0.00337226 -0.00609850 0.99997572 -0.05170972
0.00000000 0.00000000 0.00000000 1.00000000
160	160	161
0.99997140 0.00659060 0.00370997 0.88520122
-0.00662953 0.99992204 0.01058116 0.39989967
-0.00363994 -0.01060545 0.99993714 -0.04814079
0.00000000 0.00000000 0.00000000 1.00000000
161	161	162
0.99997746 0.00540284 0.00398675 0.92259816
-0.00546543 0.99985931 0.01585863 1.02597389
-0.00390051 -0.01588007 0.99986630 -0.02771755
0.00000000 0.00000000 0.00000000 1.00000000
162	162	163
0.99996579 0.00537977 0.00628259 1.13300043
-0.00559426 0.99938427 0.03463797 2.80656490
-0.00609238 -0.03467193 0.99938018 -0.15188923
0.00000000 0.00000000 0.00000000 1.00000000
163	163	164
0.99996894 0.00516933 0.00594963 1.10509897
-0.00537686 0.99935838 0.03541059 2.90181979
-0.00576276 -0.03544148 0.99935514 -0.10431267
0.00000000 0.00000000 0.00000000 1.00000000
164	164	165
0.99996893 0.00621615 0.00484828 0.99012197
-0.00640689 0.99916419 0.04037180 3.27045261
-0.00459327 -0.04040160 0.99917296 0.01986931
0.00000000 0.00000000 0.00000000 1.00000000
165	165	166
0.99996926 0.00573946 0.00534238 1.03352345
-0.00592477 0.99935767 0.03534332 2.84088600
-0.00513610 -0.03537388 0.99936095 -0.02161725
0.00000000 0.00000000 0.00000000 1.00000000
166	166	167
0.99995938 0.00687427 0.00583019 1.07936468
-0.00692523 0.99993761 0.00876504 0.37117596
-0.00576958 -0.00880506 0.99994459 -0.09491580
0.00000000 0.00000000 0.00000000 1.00000000
167	167	168
0.99994857 0.00790013 0.00635987 1.12515160
-0.00792871 0.99995853 0.00448111 -0.07084724
-0.00632420 -0.00453130 0.99996974 -0.13806925
0.00000000 0.00000000 0.00000000 1.00000000
168	168	169
0.99994862 0.00730110 0.00703281 1.20632157
-0.00737157 0.99992236 0.01004658 0.46659429
-0.00695892 -0.01009791 0.99992480 -0.15168949
0.00000000 0.00000000 0.00000000 1.00000000
169	169	170
0.99994309 0.00749071 0.00759622 1.24960444
-0.00756354 0.99992526 0.00960509 0.41219928
-0.00752370 -0.00966200 0.99992502 -0.15738672
0.00000000 0.00000000 0.00000000 1.00000000
170	170	171
0.99993999 0.00734391 0.00812931 1.28361121
-0.00744938 0.99988747 0.01302112 0.74359886
-0.00803277 -0.01308090 0.99988218 -0.14368659
0.00000000 0.00000000 0.00000000 1.00000000
171	171	172
0.99993699 0.00733140 0.00850100 1.32688044
-0.00741480 0.99992429 0.00982057 0.46257903
-0.00842836 -0.00988299 0.99991564 -0.13022095
0.00000000 0.00000000 0.00000000 1.00000000
172	172	173
0.99994185 0.00673444 0.00842312 1.31622409
-0.00679998 0.99994665 0.00777596 0.32588475
-0.00837030 -0.00783278 0.99993429 -0.11091603
0.00000000 0.00000000 0.00000000 1.00000000
173	173	174
0.99994142 0.00655072 0.00861635 1.34172989
-0.00660220 0.99996045 0.00595972 0.19069948
-0.00857697 -0.00601625 0.99994512 -0.10515327
0.00000000 0.00000000 0.00000000 1.00000000
174	174	175
0.99994450 0.00703507 0.00784275 1.28107090
-0.00704657 0.99997414 0.00143984 -0.21065787
-0.00783242 -0.00149503 0.99996821 -0.09412572
0.00000000 0.00000000 0.00000000 1.00000000
175	175	176
0.99995368 0.00663323 0.00697388 1.20774643
-0.00673393 0.99987195 0.01451662 1.00209125
-0.00687670 -0.01456291 0.99987031 -0.03170091
0.00000000 0.00000000 0.00000000 1.00000000
176	176	177
0.99995576 0.00676429 0.00653686 1.18152611
-0.00686766 0.99984964 0.01592257 1.15886008
-0.00642817 -0.01596676 0.99985186 -0.02048283
0.00000000 0.00000000 0.00000000 1.00000000
177	177	178
0.99995961 0.00669584 0.00599488 1.14011567
-0.00679941 0.99982502 0.01742699 1.29689896
-0.00587714 -0.01746705 0.99983017 -0.01851717
0.00000000 0.00000000 0.00000000 1.00000000
178	178	179
0.99996272 0.00705342 0.00497986 1.06986928
-0.00713391 0.99984111 0.01633590 1.19995668
-0.00486385 -0.01637081 0.99985416 -0.00682574
0.00000000 0.00000000 0.00000000 1.00000000
179	179	180
0.99996650 0.00700243 0.00423958 0.97318473
-0.00707496 0.99982460 0.01734100 1.28316392
-0.00411741 -0.01737041 0.99984065 0.00054798
0.00000000 0.00000000 0.00000000 1.00000000
180	180	181
0.99998299 0.00412374 0.00412497 0.92363970
-0.00420020 0.99981630 0.01870118 1.37890148
-0.00404710 -0.01871819 0.99981661 0.00685821
0.00000000 0.00000000 0.00000000 1.00000000
181	181	182
0.99999002 0.00372690 0.00246311 0.74411803
-0.00376614 0.99986293 0.01612252 1.10659514
-0.00240268 -0.01613163 0.99986699 0.00657332
0.00000000 0.00000000 0.00000000 1.00000000
182	182	183
0.99999113 0.00250543 0.00338537 0.80185172
-0.00255899 0.99987015 0.01591009 1.06681885
-0.00334507 -0.01591861 0.99986770 0.01070347
0.00000000 0.00000000 0.00000000 1.00000000
183	183	184
0.99998784 0.00255109 0.00422152 0.84613230
-0.00263022 0.99981895 0.01884532 1.31669304
-0.00417268 -0.01885620 0.99981350 0.01753749
0.00000000 0.00000000 0.00000000 1.00000000
184	184	185
0.99999263 0.00224943 0.00311039 0.67812942
-0.00229083 0.99990796 0.01337257 0.81129258
-0.00308002 -0.01337960 0.99990575 0.02875593
0.00000000 0.00000000 0.00000000 1.00000000
185	185	186
0.99999005 0.00257663 0.00364081 0.68891053
-0.00262692 0.99990028 0.01387517 0.82339592
-0.00360469 -0.01388459 0.99989711 0.02128987
0.00000000 0.00000000 0.00000000 1.00000000
186	186	187
0.99999136 0.00110423 0.00400717 0.70031685
-0.00115392 0.99992220 0.01241996 0.70107010
-0.00399314 -0.01242448 0.99991484 0.02809417
0.00000000 0.00000000 0.00000000 1.00000000
187	187	188
0.99998415 0.00193874 0.00528512 0.76473487
-0.00201225 0.99990083 0.01393861 0.78893325
-0.00525757 -0.01394903 0.99988889 0.02396041
0.00000000 0.00000000 0.00000000 1.00000000
188	188	189
0.99998195 0.00283985 0.00529462 0.73832663
-0.00290147 0.99992774 0.01166573 0.63174693
-0.00526111 -0.01168088 0.99991794 0.01879237
0.00000000 0.00000000 0.00000000 1.00000000
189	189	190
0.99998400 0.00021136 0.00565292 0.74069903
-0.00027561 0.99993536 0.01136651 0.63443952
-0.00565016 -0.01136789 0.99991942 0.01395621
0.00000000 0.00000000 0.00000000 1.00000000
190	190	191
0.99999038 0.00256983 0.00355457 0.58337301
-0.00261106 0.99992880 0.01164337 0.65286160
-0.00352439 -0.01165254 0.99992590 0.02232437
0.00000000 0.00000000 0.00000000 1.00000000
191	191	192
0.99999328 0.00139121 0.00339102 0.55099145
-0.00141928 0.99996464 0.00828858 0.46991910
-0.00337937 -0.00829334 0.99995990 0.02992647
0.00000000 0.00000000 0.00000000 1.00000000
192	192	193
0.99999757 0.00068336 0.00209731 0.44931631
-0.00070068 0.99996558 0.00826679 0.47866256
-0.00209159 -0.00826824 0.99996363 0.02332034
0.00000000 0.00000000 0.00000000 1.00000000
193	193	194
0.99999349 -0.00020982 0.00360304 0.49410355
0.00018011 0.99996600 0.00824441 0.49160950
-0.00360465 -0.00824371 0.99995952 0.03473018
0.00000000 0.00000000 0.00000000 1.00000000
194	194	195
0.99998863 -0.00002841 0.00476836 0.52915439
-0.00002323 0.99994134 0.01083096 0.62399559
-0.00476839 -0.01083095 0.99992997 0.03323528
0.00000000 0.00000000 0.00000000 1.00000000
195	195	196
0.99998326 -0.00341772 0.00466930 0.47107164
0.00336433 0.99992942 0.01139455 0.64942234
-0.00470791 -0.01137865 0.99992418 0.01629804
0.00000000 0.00000000 0.00000000 1.00000000
196	196	197
0.99998704 -0.00283690 0.00422676 0.39568418
0.00279232 0.99994080 0.01051665 0.60137266
-0.00425634 -0.01050472 0.99993577 0.01910066
0.00000000 0.00000000 0.00000000 1.00000000
197	197	198
0.99998280 -0.00301306 0.00503260 0.38454164
0.00295866 0.99993749 0.01078205 0.60320614
-0.00506477 -0.01076697 0.99992921 0.02618108
0.00000000 0.00000000 0.00000000 1.00000000
198	198	199
0.99998629 -0.00243092 0.00463854 0.33636168
0.00238260 0.99994314 0.01039447 0.57852875
-0.00466355 -0.01038328 0.99993522 0.02851544
0.00000000 0.00000000 0.00000000 1.00000000
199	199	200
0.99998747 -0.00220119 0.00449537 0.30050098
0.00215467 0.99994435 0.01032725 0.57423587
-0.00451785 -0.01031744 0.99993657 0.03113052
0.00000000 0.00000000 0.00000000 1.00000000
200	200	201
0.99999115 -0.00007456 0.00420691 0.26176209
0.00003116 0.99994679 0.01031586 0.58223115
-0.00420745 -0.01031564 0.99993794 0.03820708
0.00000000 0.00000000 0.00000000 1.00000000
201	201	202
0.99999068 -0.00022366 0.00431228 0.22699212
0.00017972 0.99994810 0.01018685 0.57650348
-0.00431434 -0.01018598 0.99993881 0.03438406
0.00000000 0.00000000 0.00000000 1.00000000
202	202	203
0.99999108 0.00167567 0.00387744 0.16719928
-0.00171923 0.99993515 0.01125806 0.59963994
-0.00385832 -0.01126462 0.99992911 0.03015804
0.00000000 0.00000000 0.00000000 1.00000000
203	203	204
0.99999020 0.00249202 0.00366040 0.12331930
-0.00253029 0.99994181 0.01048649 0.57420091
-0.00363406 -0.01049565 0.99993832 0.02762180
0.00000000 0.00000000 0.00000000 1.00000000
204	204	205
0.99999197 0.00039507 0.00398884 0.10765433
-0.00043889 0.99993949 0.01099203 0.59802466
-0.00398425 -0.01099370 0.99993163 0.02216318
0.00000000 0.00000000 0.00000000 1.00000000
205	205	206
0.99999183 -0.00185124 0.00359359 0.06079773
0.00181129 0.99993685 0.01109079 0.60327230
-0.00361389 -0.01108419 0.99993204 0.01811870
0.00000000 0.00000000 0.00000000 1.00000000
206	206	207
0.99999179 -0.00219462 0.00340512 0.03395372
0.00216019 0.99994684 0.01008254 0.58289998
-0.00342706 -0.01007510 0.99994337 0.01303339
0.00000000 0.00000000 0.00000000 1.00000000
207	207	208
0.99999524 -0.00121618 0.00283411 -0.00923924
0.00119111 0.99996031 0.00882933 0.55213893
-0.00284473 -0.00882592 0.99995700 0.01226949
0.00000000 0.00000000 0.00000000 1.00000000
208	208	209
0.99999613 -0.00104662 0.00257812 -0.04626577
0.00102759 0.99997230 0.00737196 0.50993096
-0.00258577 -0.00736928 0.99996950 0.01790146
0.00000000 0.00000000 0.00000000 1.00000000
209	209	210
0.99999631 0.00079628 0.00259613 -0.07991263
