0	0	1
0.99997049 -0.00747834 0.00175786 -0.64702474
0.00747526 0.99997053 0.00174921 -0.29381439
-0.00177089 -0.00173602 0.99999693 0.20466328
0.00000000 0.00000000 0.00000000 1.00000000
1	1	2
0.99994477 -0.01028637 0.00215410 -0.66128339
0.01028563 0.99994704 0.00035664 -0.34632208
-0.00215766 -0.00033446 0.99999762 0.20836682
0.00000000 0.00000000 0.00000000 1.00000000
2	2	3
0.99991559 -0.01231072 0.00415532 -0.63364829
0.01231628 0.99992329 -0.00131432 -0.39281947
-0.00413882 0.00136539 0.99999050 0.18723065
0.00000000 0.00000000 0.00000000 1.00000000
3	3	4
0.99991544 -0.01221662 0.00445750 -0.64106459
0.01222147 0.99992475 -0.00106259 -0.38238063
-0.00444419 0.00111697 0.99998950 0.18182734
0.00000000 0.00000000 0.00000000 1.00000000
4	4	5
0.99993018 -0.01163319 0.00207692 -0.70185780
0.01163808 0.99992951 -0.00235328 -0.41004075
-0.00204939 0.00237729 0.99999507 0.17337487
0.00000000 0.00000000 0.00000000 1.00000000
5	5	6
0.99995146 -0.00973971 0.00148886 -0.71805942
0.00974566 0.99994432 -0.00404624 -0.44287544
-0.00144937 0.00406056 0.99999071 0.14719371
0.00000000 0.00000000 0.00000000 1.00000000
6	6	7
0.99996162 -0.00822189 0.00302753 -0.67591050
0.00823819 0.99995143 -0.00541085 -0.45489593
-0.00298289 0.00543558 0.99998078 0.14503509
0.00000000 0.00000000 0.00000000 1.00000000
7	7	8
0.99994450 -0.00971220 0.00408335 -0.63931099
0.00973528 0.99993654 -0.00567003 -0.46649563
-0.00402802 0.00570947 0.99997559 0.12893391
0.00000000 0.00000000 0.00000000 1.00000000
8	8	9
0.99992133 -0.01193493 0.00385954 -0.62091373
0.01197491 0.99987310 -0.01050620 -0.56589246
-0.00373366 0.01055159 0.99993736 0.06286887
0.00000000 0.00000000 0.00000000 1.00000000
9	9	10
0.99993447 -0.01062292 0.00426664 -0.61786462
0.01057883 0.99989174 0.01022705 -0.61045479
-0.00437482 -0.01018125 0.99993860 0.04029383
0.00000000 0.00000000 0.00000000 1.00000000
10	10	11
0.99993729 -0.01038098 0.00420190 -0.63134604
0.01029758 0.99975865 0.01940621 -0.62582746
-0.00440234 -0.01936173 0.99980285 0.03864721
0.00000000 0.00000000 0.00000000 1.00000000
11	11	12
0.99990145 -0.01283651 0.00568409 -0.62661170
0.01268925 0.99960120 0.02522734 -0.53085910
-0.00600565 -0.02515273 0.99966558 -0.01705974
0.00000000 0.00000000 0.00000000 1.00000000
12	12	13
0.99987022 -0.01507413 0.00568462 -0.61068102
0.01477610 0.99867687 0.04925632 -0.41852817
-0.00641959 -0.04916593 0.99876999 -0.02634172
0.00000000 0.00000000 0.00000000 1.00000000
13	13	14
0.99982725 -0.01767946 0.00573594 -0.59676928
0.01732984 0.99827202 0.05614851 -0.29713583
-0.00671870 -0.05603941 0.99840595 -0.04813720
0.00000000 0.00000000 0.00000000 1.00000000
14	14	15
0.99985455 -0.01621407 0.00528922 -0.58863664
0.01586342 0.99803043 0.06069283 -0.32591945
-0.00626288 -0.06060010 0.99814248 -0.04266811
0.00000000 0.00000000 0.00000000 1.00000000
15	15	16
0.99988936 -0.01447332 0.00343509 -0.59078567
0.01426942 0.99847232 0.05337992 -0.43574994
-0.00420243 -0.05332499 0.99856837 0.04715511
0.00000000 0.00000000 0.00000000 1.00000000
16	16	17
0.99987120 -0.01474975 0.00632674 -0.55610523
0.01447670 0.99904497 0.04122590 -0.46667767
-0.00692877 -0.04112900 0.99912982 -0.15158695
0.00000000 0.00000000 0.00000000 1.00000000
17	17	18
0.99989328 -0.01174500 0.00868821 -0.54176985
0.01124896 0.99841789 0.05509247 -0.58892202
-0.00932152 -0.05498886 0.99844346 -0.28817628
0.00000000 0.00000000 0.00000000 1.00000000
18	18	19
0.99989211 -0.01376219 0.00513435 -0.54384944
0.01352439 0.99894947 0.04378413 -0.49768783
-0.00573152 -0.04370997 0.99902782 -0.11054708
0.00000000 0.00000000 0.00000000 1.00000000
19	19	20
0.99990550 -0.01255770 0.00559453 -0.54110562
0.01232037 0.99909920 0.04060778 -0.57262461
-0.00609943 -0.04053501 0.99915950 -0.14888626
0.00000000 0.00000000 0.00000000 1.00000000
20	20	21
0.99990018 -0.01307078 0.00536573 -0.53521090
0.01285540 0.99918041 0.03838290 -0.54691128
-0.00586302 -0.03831009 0.99924870 -0.15420138
0.00000000 0.00000000 0.00000000 1.00000000
21	21	22
0.99990297 -0.01305281 0.00486495 -0.53973615
0.01284875 0.99912308 0.03984954 -0.51862685
-0.00538083 -0.03978317 0.99919385 -0.12994080
0.00000000 0.00000000 0.00000000 1.00000000
22	22	23
0.99989875 -0.01329627 0.00506850 -0.54208321
0.01308259 0.99911055 0.04008691 -0.46529181
-0.00559699 -0.04001654 0.99918334 -0.16317279
0.00000000 0.00000000 0.00000000 1.00000000
23	23	24
0.99990679 -0.01256151 0.00534890 -0.54915704
0.01226304 0.99854100 0.05258788 -0.42365350
-0.00600168 -0.05251738 0.99860198 -0.19929155
0.00000000 0.00000000 0.00000000 1.00000000
24	24	25
0.99992016 -0.01100296 0.00621324 -0.54822108
0.01058600 0.99792157 0.06356468 -0.48359704
-0.00689972 -0.06349384 0.99795838 -0.26987340
0.00000000 0.00000000 0.00000000 1.00000000
25	25	26
0.99990207 -0.01114506 0.00846438 -0.55541436
0.01074237 0.99887373 0.04621547 -0.58220378
-0.00896992 -0.04612002 0.99889563 -0.48922895
0.00000000 0.00000000 0.00000000 1.00000000
26	26	27
0.99992922 -0.00831005 0.00851454 -0.57649025
0.00780789 0.99832060 0.05740222 -0.76687161
-0.00897725 -0.05733168 0.99831482 -0.46957267
0.00000000 0.00000000 0.00000000 1.00000000
27	27	28
0.99992101 -0.00927006 0.00848818 -0.59820763
0.00878635 0.99842828 0.05535142 -0.71196521
-0.00898795 -0.05527247 0.99843085 -0.47006526
0.00000000 0.00000000 0.00000000 1.00000000
28	28	29
0.99994217 -0.00527610 0.00937145 -0.61627823
0.00463767 0.99774980 0.06688672 -1.01073043
-0.00970326 -0.06683939 0.99771656 -0.51422556
0.00000000 0.00000000 0.00000000 1.00000000
29	29	30
0.99995190 -0.00243502 0.00950067 -0.63740866
0.00180267 0.99781748 0.06600773 -1.28149388
-0.00964066 -0.06598742 0.99777388 -0.50318392
0.00000000 0.00000000 0.00000000 1.00000000
30	30	31
0.99994639 -0.00117055 0.01028836 -0.64444050
0.00050364 0.99791196 0.06458682 -1.40425818
-0.01034248 -0.06457818 0.99785905 -0.57239062
0.00000000 0.00000000 0.00000000 1.00000000
31	31	32
0.99995227 -0.00238435 0.00947511 -0.65890610
0.00191737 0.99879733 0.04899193 -1.39266493
-0.00958053 -0.04897143 0.99875423 -0.53108348
0.00000000 0.00000000 0.00000000 1.00000000
32	32	33
0.99994632 0.00050907 0.01034836 -0.67762791
-0.00113480 0.99816443 0.06055143 -1.50174239
-0.01029854 -0.06055992 0.99811143 -0.58785558
0.00000000 0.00000000 0.00000000 1.00000000
33	33	34
0.99994926 -0.00050869 0.01006048 -0.70976955
-0.00008935 0.99823692 0.05935525 -1.41387082
-0.01007294 -0.05935314 0.99818623 -0.58225678
0.00000000 0.00000000 0.00000000 1.00000000
34	34	35
0.99995325 0.00147232 0.00955707 -0.76597115
-0.00202869 0.99828719 0.05846854 -1.57272905
-0.00945462 -0.05848520 0.99824350 -0.56540245
0.00000000 0.00000000 0.00000000 1.00000000
35	35	36
0.99992565 0.00297645 0.01182520 -0.82928456
-0.00368038 0.99819404 0.05995934 -1.73370450
-0.01162538 -0.05999840 0.99813077 -0.76020069
0.00000000 0.00000000 0.00000000 1.00000000
36	36	37
0.99994389 0.00317229 0.01010686 -0.84441444
-0.00373551 0.99841230 0.05620440 -1.70598148
-0.00991251 -0.05623900 0.99836813 -0.62204987
0.00000000 0.00000000 0.00000000 1.00000000
37	37	38
0.99990170 0.00650641 0.01241978 -0.92049334
-0.00721360 0.99830373 0.05777216 -2.02901056
-0.01202282 -0.05785607 0.99825254 -0.77996980
0.00000000 0.00000000 0.00000000 1.00000000
38	38	39
0.99981797 0.00508833 0.01838829 -1.09938381
-0.00609738 0.99845437 0.05524208 -1.91192079
-0.01807878 -0.05534414 0.99830365 -1.29008640
0.00000000 0.00000000 0.00000000 1.00000000
39	39	40
0.99981854 0.00715837 0.01765337 -1.12498530
-0.00818010 0.99825382 0.05850130 -2.13652776
-0.01720377 -0.05863509 0.99813123 -1.21204149
0.00000000 0.00000000 0.00000000 1.00000000
40	40	41
0.99980492 0.00990402 0.01708913 -1.13680768
-0.01096674 0.99793701 0.06325701 -2.50151871
-0.01642737 -0.06343208 0.99785095 -1.16255852
0.00000000 0.00000000 0.00000000 1.00000000
41	41	42
0.99984058 0.00961877 0.01504284 -1.08987504
-0.01059230 0.99776096 0.06603684 -2.60920805
-0.01437396 -0.06618565 0.99770379 -0.98924163
0.00000000 0.00000000 0.00000000 1.00000000
42	42	43
0.99986907 0.00814844 0.01398025 -1.07130515
-0.00900774 0.99800143 0.06254603 -2.35409923
-0.01344265 -0.06266378 0.99794416 -0.95518829
0.00000000 0.00000000 0.00000000 1.00000000
43	43	44
0.99987405 0.01034026 0.01204014 -1.02851153
-0.01103910 0.99816715 0.05950190 -2.41006211
-0.01140280 -0.05962732 0.99815558 -0.79661856
0.00000000 0.00000000 0.00000000 1.00000000
44	44	45
0.99990349 0.00885218 0.01070723 -1.00025912
-0.00950937 0.99797010 0.06297019 -2.40728786
-0.01012807 -0.06306593 0.99795797 -0.67702984
0.00000000 0.00000000 0.00000000 1.00000000
45	45	46
0.99989238 0.01019670 0.01054820 -1.00135538
-0.01084917 0.99790567 0.06376964 -2.55186444
-0.00987586 -0.06387722 0.99790890 -0.65923929
0.00000000 0.00000000 0.00000000 1.00000000
46	46	47
0.99984643 0.01182795 0.01293093 -1.14418390
-0.01262755 0.99789482 0.06361187 -2.69798584
-0.01215131 -0.06376539 0.99789094 -0.81921823
0.00000000 0.00000000 0.00000000 1.00000000
47	47	48
0.99988252 0.00796685 0.01309507 -1.16633715
-0.00883189 0.99768794 0.06738532 -2.60415823
-0.01252795 -0.06749305 0.99764109 -0.82858135
0.00000000 0.00000000 0.00000000 1.00000000
48	48	49
0.99985982 0.00568796 0.01574780 -1.37680942
-0.00674214 0.99768166 0.06771884 -2.44871180
-0.01532611 -0.06781552 0.99758016 -1.05874657
0.00000000 0.00000000 0.00000000 1.00000000
49	49	50
0.99989628 0.00241925 0.01419800 -1.30758878
-0.00337901 0.99768173 0.06796866 -2.21182878
-0.01400065 -0.06800959 0.99758643 -0.94798751
0.00000000 0.00000000 0.00000000 1.00000000
50	50	51
0.99991756 0.00364806 0.01231118 -1.23905935
-0.00446475 0.99774463 0.06697552 -2.33723341
-0.01203908 -0.06702496 0.99767866 -0.82683159
0.00000000 0.00000000 0.00000000 1.00000000
51	51	52
0.99990998 0.00000909 0.01341790 -1.35254901
-0.00087463 0.99791721 0.06450172 -1.87307383
-0.01338937 -0.06450765 0.99782738 -0.91301446
0.00000000 0.00000000 0.00000000 1.00000000
52	52	53
0.99990352 -0.00410110 0.01327130 -1.36296551
0.00317060 0.99758455 0.06939036 -1.97484891
-0.01352383 -0.06934159 0.99750130 -0.89987911
0.00000000 0.00000000 0.00000000 1.00000000
53	53	54
0.99991797 -0.00067982 0.01279003 -1.35527677
-0.00012809 0.99800970 0.06306054 -1.76314629
-0.01280744 -0.06305701 0.99792774 -0.85150662
0.00000000 0.00000000 0.00000000 1.00000000
54	54	55
0.99991217 -0.00123649 0.01319541 -1.40519116
0.00042503 0.99811794 0.06132210 -1.62069950
-0.01324640 -0.06131110 0.99803080 -0.89756186
0.00000000 0.00000000 0.00000000 1.00000000
55	55	56
0.99988882 -0.00193538 0.01478499 -1.53099364
0.00103940 0.99817556 0.06036944 -1.52440679
-0.01487485 -0.06034736 0.99806660 -1.02881060
0.00000000 0.00000000 0.00000000 1.00000000
56	56	57
0.99989854 -0.00028910 0.01424148 -1.48215907
-0.00056263 0.99821229 0.05976540 -1.61565656
-0.01423330 -0.05976735 0.99811085 -0.98431792
0.00000000 0.00000000 0.00000000 1.00000000
57	57	58
0.99990674 0.00216111 0.01348462 -1.41192232
-0.00292006 0.99839722 0.05651957 -1.56514369
-0.01334086 -0.05655367 0.99831042 -0.92589763
0.00000000 0.00000000 0.00000000 1.00000000
58	58	59
0.99992173 0.00050791 0.01250132 -1.31027918
-0.00119903 0.99846692 0.05533879 -1.32735929
-0.01245405 -0.05534945 0.99838937 -0.87052056
0.00000000 0.00000000 0.00000000 1.00000000
59	59	60
0.99990499 0.00257647 0.01354181 -1.38943081
-0.00332424 0.99845373 0.05548956 -1.54268476
-0.01337790 -0.05552930 0.99836743 -0.94709874
0.00000000 0.00000000 0.00000000 1.00000000
60	60	61
0.99991109 0.00159946 0.01323802 -1.32496173
-0.00233302 0.99845123 0.05558499 -1.49105993
-0.01312861 -0.05561094 0.99836620 -0.92170713
0.00000000 0.00000000 0.00000000 1.00000000
61	61	62
0.99992710 0.00182199 0.01193645 -1.18054614
-0.00248741 0.99842931 0.05597080 -1.55315029
-0.01181572 -0.05599641 0.99836105 -0.80231823
0.00000000 0.00000000 0.00000000 1.00000000
62	62	63
0.99993734 0.00476938 0.01012760 -0.97614856
-0.00529450 0.99860828 0.05247353 -1.47456667
-0.00986324 -0.05252386 0.99857096 -0.66132684
0.00000000 0.00000000 0.00000000 1.00000000
63	63	64
0.99993909 0.00500182 0.00983865 -0.90991295
-0.00551999 0.99855982 0.05336493 -1.59077044
-0.00955756 -0.05341599 0.99852661 -0.62030515
0.00000000 0.00000000 0.00000000 1.00000000
64	64	65
0.99993982 0.00493685 0.00979753 -0.85414860
-0.00547274 0.99844674 0.05544512 -1.79631997
-0.00950858 -0.05549540 0.99841367 -0.59701764
0.00000000 0.00000000 0.00000000 1.00000000
65	65	66
0.99994530 0.00518994 0.00908072 -0.73803086
-0.00565692 0.99862173 0.05217896 -1.46037032
-0.00879740 -0.05222747 0.99859646 -0.54292316
0.00000000 0.00000000 0.00000000 1.00000000
66	66	67
0.99994320 0.00557942 0.00908117 -0.70274303
-0.00605269 0.99857877 0.05295104 -1.56574198
-0.00877283 -0.05300299 0.99855582 -0.54423424
0.00000000 0.00000000 0.00000000 1.00000000
67	67	68
0.99993788 0.00556322 0.00965843 -0.76262167
-0.00610162 0.99837602 0.05664003 -1.91183391
-0.00932764 -0.05669545 0.99834795 -0.58980958
0.00000000 0.00000000 0.00000000 1.00000000
68	68	69
0.99994259 0.00632040 0.00865286 -0.66286489
-0.00678711 0.99846244 0.05501531 -1.80662053
-0.00829184 -0.05507088 0.99844802 -0.47081819
0.00000000 0.00000000 0.00000000 1.00000000
69	69	70
0.99994230 0.00561717 0.00915714 -0.76316524
-0.00613753 0.99830788 0.05782472 -1.99084281
-0.00881684 -0.05787759 0.99828475 -0.52351959
0.00000000 0.00000000 0.00000000 1.00000000
70	70	71
0.99994645 0.00669173 0.00789361 -0.64943901
-0.00715630 0.99815021 0.06037332 -2.35801312
-0.00747500 -0.06042658 0.99814466 -0.33019027
0.00000000 0.00000000 0.00000000 1.00000000
71	71	72
0.99996814 0.00410535 0.00684576 -0.56526091
-0.00449498 0.99831184 0.05790747 -1.75954126
-0.00659647 -0.05793640 0.99829848 -0.25339417
0.00000000 0.00000000 0.00000000 1.00000000
72	72	73
0.99996855 0.00354496 0.00709390 -0.61889067
-0.00394983 0.99831471 0.05789762 -1.69578012
-0.00687670 -0.05792382 0.99829732 -0.29996091
0.00000000 0.00000000 0.00000000 1.00000000
73	73	74
0.99998118 0.00005365 0.00613551 -0.52406409
-0.00040449 0.99836291 0.05719555 -1.14326350
-0.00612239 -0.05719695 0.99834414 -0.21941939
0.00000000 0.00000000 0.00000000 1.00000000
74	74	75
0.99996407 0.00491934 0.00690395 -0.58336377
-0.00532778 0.99815722 0.06044658 -2.12694953
-0.00659387 -0.06048119 0.99814756 -0.27759078
0.00000000 0.00000000 0.00000000 1.00000000
75	75	76
0.99996266 0.00714136 0.00486653 -0.37138660
-0.00740460 0.99838006 0.05641307 -2.06241801
-0.00445578 -0.05644700 0.99839565 -0.00264717
0.00000000 0.00000000 0.00000000 1.00000000
76	76	77
0.99997135 0.00706325 0.00272092 -0.16408539
-0.00719061 0.99872053 0.05005591 -1.49186217
-0.00236388 -0.05007404 0.99874271 0.26956618
0.00000000 0.00000000 0.00000000 1.00000000
77	77	78
0.99996074 0.00827809 0.00316030 -0.15736386
-0.00842923 0.99864981 0.05125924 -1.76222981
-0.00273170 -0.05128387 0.99868038 0.20067666
0.00000000 0.00000000 0.00000000 1.00000000
78	78	79
0.99992291 0.01149107 0.00470328 -0.23070332
-0.01172863 0.99846887 0.05405874 -2.43287936
-0.00407488 -0.05410973 0.99852668 -0.00015730
0.00000000 0.00000000 0.00000000 1.00000000
79	79	80
0.99991173 0.01200024 0.00570402 -0.27790571
-0.01229849 0.99838298 0.05549926 -2.60053044
-0.00502879 -0.05556451 0.99844244 -0.16606715
0.00000000 0.00000000 0.00000000 1.00000000
80	80	81
0.99994906 0.00821269 0.00586796 -0.24831261
-0.00852410 0.99844008 0.05517913 -1.93311804
-0.00540564 -0.05522634 0.99845923 -0.25761863
0.00000000 0.00000000 0.00000000 1.00000000
81	81	82
0.99991878 0.01110619 0.00625232 -0.27637583
-0.01144307 0.99832519 0.05670860 -2.49982686
-0.00561203 -0.05677554 0.99837119 -0.31274799
0.00000000 0.00000000 0.00000000 1.00000000
82	82	83
0.99992741 0.01039437 0.00609371 -0.23014065
-0.01073453 0.99821573 0.05873772 -2.50516799
-0.00547230 -0.05879887 0.99825485 -0.29175703
0.00000000 0.00000000 0.00000000 1.00000000
83	83	84
0.99995138 0.00882780 0.00439376 -0.08793061
-0.00907091 0.99822926 0.05878832 -2.25132472
-0.00386701 -0.05882532 0.99826080 -0.03180266
0.00000000 0.00000000 0.00000000 1.00000000
84	84	85
0.99995770 0.00852907 0.00344259 -0.00056879
-0.00872851 0.99798724 0.06281141 -2.40500046
-0.00289994 -0.06283880 0.99801948 0.13294640
0.00000000 0.00000000 0.00000000 1.00000000
85	85	86
0.99995755 0.00832095 0.00395746 -0.01315903
-0.00856499 0.99776468 0.06627427 -2.54938104
-0.00339715 -0.06630535 0.99779360 0.05257078
0.00000000 0.00000000 0.00000000 1.00000000
86	86	87
0.99997472 0.00627190 0.00335100 0.04194522
-0.00647834 0.99782277 0.06563343 -2.04263007
-0.00293206 -0.06565348 0.99783818 0.08762661
0.00000000 0.00000000 0.00000000 1.00000000
87	87	88
0.99994454 0.01012596 0.00289558 0.04495152
-0.01029320 0.99782027 0.06518249 -2.75923309
-0.00222923 -0.06520868 0.99786916 0.20558794
0.00000000 0.00000000 0.00000000 1.00000000
88	88	89
0.99994658 0.01020283 0.00165602 0.09954799
-0.01028247 0.99822217 0.05870926 -2.48118636
-0.00105407 -0.05872316 0.99827375 0.40392801
0.00000000 0.00000000 0.00000000 1.00000000
89	89	90
0.99995164 0.00976824 0.00113582 0.12849179
-0.00981736 0.99830035 0.05744583 -2.32339440
-0.00057274 -0.05745421 0.99834798 0.50112347
0.00000000 0.00000000 0.00000000 1.00000000
90	90	91
0.99996405 0.00847948 0.00000935 0.19126080
-0.00846677 0.99840313 0.05585257 -2.00600055
0.00046426 -0.05585064 0.99843903 0.69532527
0.00000000 0.00000000 0.00000000 1.00000000
91	91	92
0.99996794 0.00792678 -0.00113184 0.22386771
-0.00784595 0.99821801 0.05915444 -2.02584734
0.00159873 -0.05914366 0.99824820 0.94402132
0.00000000 0.00000000 0.00000000 1.00000000
92	92	93
0.99998005 0.00609021 -0.00167616 0.25154328
-0.00597334 0.99802063 0.06260300 -1.78469202
0.00205411 -0.06259174 0.99803710 1.05472858
0.00000000 0.00000000 0.00000000 1.00000000
93	93	94
0.99999154 0.00377892 -0.00162258 0.26674041
-0.00366545 0.99787784 0.06501058 -1.42484088
0.00186481 -0.06500408 0.99788326 1.04310321
0.00000000 0.00000000 0.00000000 1.00000000
94	94	95
0.99999021 0.00427060 -0.00115995 0.25945746
-0.00419029 0.99805954 0.06212564 -1.41442331
0.00142301 -0.06212017 0.99806766 0.95205601
0.00000000 0.00000000 0.00000000 1.00000000
95	95	96
0.99998946 0.00458778 0.00016071 0.21875212
-0.00458920 0.99821003 0.05962948 -1.40234155
0.00011315 -0.05962959 0.99822057 0.71405908
0.00000000 0.00000000 0.00000000 1.00000000
96	96	97
0.99999317 0.00367296 0.00041119 0.22303707
-0.00369099 0.99820036 0.05985331 -1.24807689
-0.00019061 -0.05985441 0.99820710 0.66308469
0.00000000 0.00000000 0.00000000 1.00000000
97	97	98
0.99999541 0.00293353 0.00075374 0.21532956
-0.00297533 0.99799349 0.06324667 -1.18069824
-0.00056669 -0.06324863 0.99799764 0.61519291
0.00000000 0.00000000 0.00000000 1.00000000
98	98	99
0.99999793 0.00201955 0.00026553 0.21705751
-0.00203223 0.99802731 0.06274838 -0.98698384
-0.00013829 -0.06274879 0.99802934 0.68990878
0.00000000 0.00000000 0.00000000 1.00000000
99	99	100
0.99999866 0.00149961 -0.00065993 0.22924787
-0.00145717 0.99818580 0.06019124 -0.83119683
0.00074900 -0.06019020 0.99818665 0.83511340
0.00000000 0.00000000 0.00000000 1.00000000
100	100	101
0.99999963 0.00066618 -0.00054928 0.21276648
-0.00063253 0.99825011 0.05912963 -0.65054611
0.00058771 -0.05912926 0.99825016 0.79118935
0.00000000 0.00000000 0.00000000 1.00000000
101	101	102
0.99999772 -0.00197380 -0.00081646 0.21790929
0.00202047 0.99808811 0.06177407 -0.27246228
0.00069297 -0.06177558 0.99808982 0.79394833
0.00000000 0.00000000 0.00000000 1.00000000
102	102	103
0.99999689 -0.00233625 -0.00087471 0.21335368
0.00238757 0.99793565 0.06417733 -0.22076519
0.00072297 -0.06417921 0.99793813 0.81103919
0.00000000 0.00000000 0.00000000 1.00000000
103	103	104
0.99999047 -0.00390010 -0.00195963 0.23425553
0.00401053 0.99819460 0.05992870 0.09205040
0.00172237 -0.05993599 0.99820074 0.96510186
0.00000000 0.00000000 0.00000000 1.00000000
104	104	105
0.99998016 -0.00629668 -0.00017168 0.24169002
0.00629792 0.99892359 0.04595658 0.52786638
-0.00011788 -0.04595675 0.99894342 0.62786810
0.00000000 0.00000000 0.00000000 1.00000000
105	105	106
0.99996284 -0.00830229 -0.00231974 0.27686739
0.00840292 0.99884085 0.04739559 0.85683581
0.00192356 -0.04741332 0.99887350 0.94682843
0.00000000 0.00000000 0.00000000 1.00000000
106	106	107
0.99995299 -0.00948238 -0.00202572 0.30433764
0.00956680 0.99885890 0.04679065 1.04417981
0.00157972 -0.04680783 0.99890266 0.87971298
0.00000000 0.00000000 0.00000000 1.00000000
107	107	108
0.99995579 -0.00906580 -0.00249521 0.32369693
0.00917035 0.99891386 0.04568381 1.00587635
0.00207834 -0.04570468 0.99895283 0.94983129
0.00000000 0.00000000 0.00000000 1.00000000
108	108	109
0.99993155 -0.01136863 -0.00276682 0.34155343
0.01148137 0.99892663 0.04487506 1.32409868
0.00225368 -0.04490376 0.99898878 0.96945252
0.00000000 0.00000000 0.00000000 1.00000000
109	109	110
0.99990766 -0.01325740 -0.00298404 0.34704058
0.01336814 0.99907821 0.04079245 1.52677375
0.00244049 -0.04082858 0.99916319 0.95519627
0.00000000 0.00000000 0.00000000 1.00000000
110	110	111
0.99994326 -0.01018876 -0.00310976 0.35222157
0.01031039 0.99906487 0.04198915 1.10990062
0.00267904 -0.04201883 0.99911323 0.98361106
0.00000000 0.00000000 0.00000000 1.00000000
111	111	112
0.99996809 -0.00744630 -0.00289316 0.35719217
0.00754918 0.99927399 0.03734299 0.54248209
0.00261300 -0.03736364 0.99929832 0.96106854
0.00000000 0.00000000 0.00000000 1.00000000
112	112	113
0.99994485 -0.00972148 -0.00397420 0.32285468
0.00986501 0.99923475 0.03784954 0.90572815
0.00360321 -0.03788666 0.99927555 1.11549630
0.00000000 0.00000000 0.00000000 1.00000000
113	113	114
0.99992966 -0.01131998 -0.00353964 0.34338778
0.01144384 0.99924291 0.03718405 1.13681982
0.00311604 -0.03722194 0.99930217 1.03975979
0.00000000 0.00000000 0.00000000 1.00000000
114	114	115
0.99995427 -0.00912515 -0.00286173 0.36983321
0.00922086 0.99932939 0.03543638 0.74322032
0.00253645 -0.03546115 0.99936784 0.95236242
0.00000000 0.00000000 0.00000000 1.00000000
115	115	116
0.99996498 -0.00798828 -0.00249666 0.39796036
0.00806878 0.99938595 0.03409709 0.51079185
0.00222275 -0.03411604 0.99941541 0.91172336
0.00000000 0.00000000 0.00000000 1.00000000
116	116	117
0.99993830 -0.01107712 -0.00083581 0.49633088
0.01109843 0.99941016 0.03249844 0.88712678
0.00047533 -0.03250571 0.99947144 0.63112794
0.00000000 0.00000000 0.00000000 1.00000000
117	117	118
0.99996235 -0.00867553 -0.00018420 0.53906036
0.00867705 0.99947234 0.03130097 0.46341059
-0.00008744 -0.03130139 0.99950999 0.53566941
0.00000000 0.00000000 0.00000000 1.00000000
118	118	119
0.99994319 -0.01049645 0.00185328 0.66249060
0.01044137 0.99956521 0.02757495 0.49926382
-0.00214191 -0.02755403 0.99961802 0.22184110
0.00000000 0.00000000 0.00000000 1.00000000
119	119	120
0.99994618 -0.00984465 0.00327467 0.74813018
0.00974823 0.99955306 0.02826058 0.45408549
-0.00355142 -0.02822713 0.99959523 0.00017904
0.00000000 0.00000000 0.00000000 1.00000000
120	120	121
0.99994854 -0.00952066 0.00350229 0.75085118
0.00942455 0.99960425 0.02650525 0.29720645
-0.00375325 -0.02647088 0.99964254 -0.05132929
0.00000000 0.00000000 0.00000000 1.00000000
121	121	122
0.99994160 -0.01027819 0.00333890 0.73148112
0.01019689 0.99967143 0.02351703 0.20185827
-0.00357951 -0.02348161 0.99971786 -0.03367285
0.00000000 0.00000000 0.00000000 1.00000000
122	122	123
0.99992348 -0.01180730 0.00369150 0.76000637
0.01172353 0.99969041 0.02194623 0.33610488
-0.00394948 -0.02190127 0.99975234 -0.08757138
0.00000000 0.00000000 0.00000000 1.00000000
123	123	124
0.99988525 -0.01474292 0.00348408 0.73735159
0.01465900 0.99962807 0.02299620 0.86503656
-0.00382181 -0.02294249 0.99972948 -0.06447396
0.00000000 0.00000000 0.00000000 1.00000000
124	124	125
0.99985837 -0.01633626 0.00404484 0.77449257
0.01624054 0.99961120 0.02266476 1.09763435
-0.00441352 -0.02259586 0.99973494 -0.16374638
0.00000000 0.00000000 0.00000000 1.00000000
125	125	126
0.99984573 -0.01697296 0.00452013 0.80748588
0.01686065 0.99957404 0.02382144 1.30095638
-0.00492253 -0.02374156 0.99970601 -0.25896995
0.00000000 0.00000000 0.00000000 1.00000000
126	126	127
0.99981560 -0.01871609 0.00429828 0.79172072
0.01860958 0.99954801 0.02361050 1.55244405
-0.00473824 -0.02352616 0.99971199 -0.24948973
0.00000000 0.00000000 0.00000000 1.00000000
127	127	128
0.99980612 -0.01946414 0.00297659 0.67616987
0.01938516 0.99950967 0.02458944 1.77824383
-0.00345375 -0.02452697 0.99969320 -0.06014506
0.00000000 0.00000000 0.00000000 1.00000000
128	128	129
0.99981040 -0.01917348 0.00339752 0.72310577
0.01907515 0.99945522 0.02693341 1.96182641
-0.00391208 -0.02686349 0.99963146 -0.14040098
0.00000000 0.00000000 0.00000000 1.00000000
129	129	130
0.99984462 -0.01722852 0.00373140 0.76197364
0.01711677 0.99945702 0.02815452 1.82155066
-0.00421444 -0.02808628 0.99959662 -0.19966724
0.00000000 0.00000000 0.00000000 1.00000000
130	130	131
0.99985977 -0.01632159 0.00374846 0.74923338
0.01621679 0.99951809 0.02646885 1.49692031
-0.00417867 -0.02640435 0.99964261 -0.20632464
0.00000000 0.00000000 0.00000000 1.00000000
131	131	132
0.99985613 -0.01656115 0.00366805 0.72216990
0.01645911 0.99951880 0.02629211 1.50085421
-0.00410171 -0.02622795 0.99964757 -0.20044106
0.00000000 0.00000000 0.00000000 1.00000000
132	132	133
0.99985360 -0.01668040 0.00381445 0.72465183
0.01657693 0.99953184 0.02571585 1.45640375
-0.00424162 -0.02564885 0.99966202 -0.21998173
0.00000000 0.00000000 0.00000000 1.00000000
133	133	134
0.99986003 -0.01624630 0.00399798 0.73572309
0.01614289 0.99956542 0.02466528 1.29332050
-0.00439697 -0.02459729 0.99968777 -0.24363098
0.00000000 0.00000000 0.00000000 1.00000000
134	134	135
0.99986745 -0.01553831 0.00486292 0.83190828
0.01542434 0.99962429 0.02265757 0.95483183
-0.00521315 -0.02257956 0.99973146 -0.36366078
0.00000000 0.00000000 0.00000000 1.00000000
135	135	136
0.99986561 -0.01571130 0.00468156 0.80959053
0.01559696 0.99960135 0.02353461 1.04317040
-0.00504945 -0.02345843 0.99971206 -0.35302322
0.00000000 0.00000000 0.00000000 1.00000000
136	136	137
0.99985653 -0.01621618 0.00489431 0.83903960
0.01610068 0.99961083 0.02278080 0.99573465
-0.00526182 -0.02269873 0.99972850 -0.39357374
0.00000000 0.00000000 0.00000000 1.00000000
137	137	138
0.99984895 -0.01686995 0.00418152 0.75787130
0.01676267 0.99955963 0.02448596 1.24540538
-0.00459276 -0.02441217 0.99969143 -0.29533662
0.00000000 0.00000000 0.00000000 1.00000000
138	138	139
0.99985102 -0.01676993 0.00408651 0.75013062
0.01666217 0.99954575 0.02511311 1.27472936
-0.00450579 -0.02504128 0.99967626 -0.28002009
0.00000000 0.00000000 0.00000000 1.00000000
139	139	140
0.99982955 -0.01783226 0.00478423 0.82416075
0.01770371 0.99951329 0.02568600 1.45887667
-0.00523994 -0.02559692 0.99965861 -0.38970336
0.00000000 0.00000000 0.00000000 1.00000000
140	140	141
0.99981323 -0.01843297 0.00580782 0.94000134
0.01829678 0.99957511 0.02268981 1.20027248
-0.00622359 -0.02257930 0.99972568 -0.54640905
0.00000000 0.00000000 0.00000000 1.00000000
141	141	142
0.99981753 -0.01809879 0.00611047 0.99378424
0.01796352 0.99960721 0.02151118 0.98915842
-0.00649739 -0.02139749 0.99974993 -0.58213392
0.00000000 0.00000000 0.00000000 1.00000000
142	142	143
0.99982645 -0.01757431 0.00618140 1.02725831
0.01744181 0.99962996 0.02087414 0.81073343
-0.00654596 -0.02076270 0.99976300 -0.57040050
0.00000000 0.00000000 0.00000000 1.00000000
143	143	144
0.99984685 -0.01641919 0.00605649 1.05877427
0.01630022 0.99968288 0.01919470 0.45403958
-0.00636973 -0.01909304 0.99979742 -0.50823309
0.00000000 0.00000000 0.00000000 1.00000000
144	144	145
0.99986104 -0.01570059 0.00560244 1.05756586
0.01558125 0.99966341 0.02074359 0.45424255
-0.00592624 -0.02065341 0.99976913 -0.39981172
0.00000000 0.00000000 0.00000000 1.00000000
145	145	146
0.99985847 -0.01589401 0.00551494 1.08344882
0.01577163 0.99964300 0.02156700 0.55889228
-0.00585576 -0.02147697 0.99975219 -0.36964100
0.00000000 0.00000000 0.00000000 1.00000000
146	146	147
0.99987218 -0.01497179 0.00560996 1.13825840
0.01484740 0.99965653 0.02159597 0.40955855
-0.00593136 -0.02150992 0.99975104 -0.35047965
0.00000000 0.00000000 0.00000000 1.00000000
147	147	148
0.99986790 -0.01535375 0.00533256 1.15420641
0.01522570 0.99961309 0.02327748 0.61833977
-0.00568789 -0.02319321 0.99971482 -0.30060624
0.00000000 0.00000000 0.00000000 1.00000000
148	148	149
0.99986868 -0.01512573 0.00581721 1.24565987
0.01500098 0.99966857 0.02092198 0.31610401
-0.00613174 -0.02083197 0.99976419 -0.37424677
0.00000000 0.00000000 0.00000000 1.00000000
149	149	150
0.99985033 -0.01616662 0.00616152 1.33123664
0.01600870 0.99956246 0.02487178 0.86902470
-0.00656092 -0.02476942 0.99967166 -0.43801607
0.00000000 0.00000000 0.00000000 1.00000000
150	150	151
0.99985203 -0.01720172 -0.00010626 0.76459922
0.01719884 0.99952792 0.02545873 1.09384921
-0.00033172 -0.02545679 0.99967587 0.45379169
0.00000000 0.00000000 0.00000000 1.00000000
151	151	152
0.99987704 -0.01559468 -0.00164863 0.65488174
0.01562784 0.99962484 0.02249351 0.54711935
0.00129724 -0.02251650 0.99974563 0.68244343
0.00000000 0.00000000 0.00000000 1.00000000
152	152	153
0.99990180 -0.01392348 -0.00158768 0.69448117
0.01396267 0.99950625 0.02814770 0.87776479
0.00119498 -0.02816710 0.99960251 0.67686508
0.00000000 0.00000000 0.00000000 1.00000000
153	153	154
0.99988127 -0.01480517 -0.00427144 0.44363156
0.01494809 0.99925322 0.03563072 1.76901996
0.00374073 -0.03569034 0.99935590 1.09644083
0.00000000 0.00000000 0.00000000 1.00000000
154	154	155
0.99988939 -0.01455461 -0.00306011 0.57258023
0.01470196 0.99835301 0.05545376 3.75810314
0.00224796 -0.05549262 0.99845657 0.90841682
0.00000000 0.00000000 0.00000000 1.00000000
155	155	156
0.99990298 -0.01364046 -0.00282337 0.59628924
0.01378879 0.99799679 0.06174358 4.26129164
0.00197551 -0.06177652 0.99808805 0.88232530
0.00000000 0.00000000 0.00000000 1.00000000
156	156	157
0.99993460 -0.01139444 0.00098474 0.94728191
0.01128441 0.99695099 0.07721003 5.48743562
-0.00186150 -0.07719387 0.99701436 0.22004967
0.00000000 0.00000000 0.00000000 1.00000000
157	157	158
0.99988908 -0.01483172 0.00136094 0.94385857
0.01471082 0.99774631 0.06546676 4.78623562
-0.00232885 -0.06543948 0.99785382 0.17304064
0.00000000 0.00000000 0.00000000 1.00000000
158	158	159
0.99981902 -0.01890603 0.00211803 1.01852124
0.01885338 0.99956683 0.02259889 1.11876055
-0.00254436 -0.02255487 0.99974237 0.15151393
0.00000000 0.00000000 0.00000000 1.00000000
159	159	160
0.99981858 -0.01887345 0.00257076 1.06577108
0.01881737 0.99961637 0.02032269 0.92964511
-0.00295334 -0.02027062 0.99979017 0.12060856
0.00000000 0.00000000 0.00000000 1.00000000
160	160	161
0.99982602 -0.01847582 0.00256353 1.05319078
0.01839661 0.99943626 0.02808413 1.62075259
-0.00308096 -0.02803208 0.99960228 0.13758894
0.00000000 0.00000000 0.00000000 1.00000000
161	161	162
0.99981157 -0.01920057 0.00285864 1.07740702
0.01908479 0.99916425 0.03614666 2.46567469
-0.00355029 -0.03608529 0.99934241 0.13373405
0.00000000 0.00000000 0.00000000 1.00000000
162	162	163
0.99984392 -0.01744488 0.00279515 1.07479157
0.01729190 0.99871358 0.04766735 3.40677897
-0.00362311 -0.04761158 0.99885935 0.13392970
0.00000000 0.00000000 0.00000000 1.00000000
163	163	164
0.99988932 -0.01486748 0.00056164 0.86123456
0.01480972 0.99820035 0.05810970 4.20274547
-0.00142458 -0.05809495 0.99831005 0.30498900
0.00000000 0.00000000 0.00000000 1.00000000
164	164	165
0.99986879 -0.01619492 -0.00035693 0.76395878
0.01618609 0.99796389 0.06169346 4.66327378
-0.00064292 -0.06169114 0.99809508 0.37576661
0.00000000 0.00000000 0.00000000 1.00000000
165	165	166
0.99986049 -0.01670185 0.00023722 0.81501659
0.01666149 0.99824986 0.05674171 4.23909662
-0.00118450 -0.05672984 0.99838886 0.34119143
0.00000000 0.00000000 0.00000000 1.00000000
166	166	167
0.99987048 -0.01607948 0.00068451 0.85756939
0.01604638 0.99927819 0.03443264 2.19008295
-0.00123768 -0.03441720 0.99940679 0.34857987
0.00000000 0.00000000 0.00000000 1.00000000
167	167	168
0.99988678 -0.01499256 0.00128463 0.91414514
0.01495765 0.99960325 0.02386651 1.16972012
-0.00164194 -0.02384459 0.99971433 0.31755767
0.00000000 0.00000000 0.00000000 1.00000000
168	168	169
0.99989614 -0.01426773 0.00203599 0.99637218
0.01418320 0.99922227 0.03679259 2.29290480
-0.00255936 -0.03675989 0.99932085 0.27733348
0.00000000 0.00000000 0.00000000 1.00000000
169	169	170
0.99989453 -0.01405318 0.00366648 1.13394034
0.01393259 0.99942020 0.03106684 1.76773529
-0.00410094 -0.03101248 0.99951058 0.25201153
0.00000000 0.00000000 0.00000000 1.00000000
170	170	171
0.99990329 -0.01342329 0.00363584 1.10880535
0.01327789 0.99921100 0.03743106 2.32975936
-0.00413542 -0.03737917 0.99929260 0.29070414
0.00000000 0.00000000 0.00000000 1.00000000
171	171	172
0.99990530 -0.01292971 0.00471294 1.21664200
0.01274504 0.99922257 0.03730699 2.31335882
-0.00519164 -0.03724339 0.99929274 0.28317659
0.00000000 0.00000000 0.00000000 1.00000000
172	172	173
0.99990104 -0.01289634 0.00562028 1.28434590
0.01273518 0.99953170 0.02782445 1.49537723
-0.00597648 -0.02775013 0.99959702 0.28189745
0.00000000 0.00000000 0.00000000 1.00000000
173	173	174
0.99989164 -0.01327369 0.00636508 1.35741907
0.01324148 0.99989944 0.00507592 -0.46662817
-0.00643182 -0.00499108 0.99996686 0.26570338
0.00000000 0.00000000 0.00000000 1.00000000
174	174	175
0.99990159 -0.01260659 0.00615582 1.35910579
0.01254127 0.99986585 0.01053590 0.11245307
-0.00628781 -0.01045766 0.99992555 0.26115134
0.00000000 0.00000000 0.00000000 1.00000000
175	175	176
0.99990601 -0.01349262 0.00243213 1.02621838
0.01346969 0.99986683 0.00921308 0.02202450
-0.00255612 -0.00917945 0.99995460 0.37992781
0.00000000 0.00000000 0.00000000 1.00000000
176	176	177
0.99990999 -0.01320933 0.00234859 1.03231042
0.01318743 0.99987155 0.00910954 0.05406233
-0.00246862 -0.00907775 0.99995575 0.39783364
0.00000000 0.00000000 0.00000000 1.00000000
177	177	178
0.99991077 -0.01320554 0.00201819 1.01598719
0.01318298 0.99985466 0.01081048 0.21318202
-0.00216066 -0.01078291 0.99993953 0.36677572
0.00000000 0.00000000 0.00000000 1.00000000
178	178	179
0.99992517 -0.01209904 0.00180990 1.02168054
0.01208242 0.99988713 0.00892933 0.04925864
-0.00191773 -0.00890679 0.99995849 0.35265537
0.00000000 0.00000000 0.00000000 1.00000000
179	179	180
0.99992811 -0.01195415 0.00093673 0.90650841
0.01194572 0.99989214 0.00854424 -0.01510393
-0.00103877 -0.00853244 0.99996306 0.36642760
0.00000000 0.00000000 0.00000000 1.00000000
180	180	181
0.99990489 -0.01374216 0.00116623 0.87571887
0.01371969 0.99975304 0.01748247 0.78917626
-0.00140619 -0.01746481 0.99984649 0.38984887
0.00000000 0.00000000 0.00000000 1.00000000
181	181	182
0.99990921 -0.01287692 -0.00396899 0.34114628
0.01294614 0.99975526 0.01793943 0.80336141
0.00373701 -0.01798919 0.99983120 0.39615785
0.00000000 0.00000000 0.00000000 1.00000000
182	182	183
0.99972176 -0.02210169 -0.00824093 -0.10992988
0.02227625 0.99951570 0.02172879 1.14260988
0.00775669 -0.02190632 0.99972994 0.43350284
0.00000000 0.00000000 0.00000000 1.00000000
183	183	184
0.99971781 -0.02240823 -0.00788459 -0.12224406
0.02259215 0.99945505 0.02406659 1.34778333
0.00734100 -0.02423793 0.99967926 0.45023478
0.00000000 0.00000000 0.00000000 1.00000000
184	184	185
0.99969996 -0.02251669 -0.00964293 -0.34550644
0.02262699 0.99967798 0.01148702 0.21374216
0.00938118 -0.01170177 0.99988752 0.46672559
0.00000000 0.00000000 0.00000000 1.00000000
185	185	186
0.99973955 -0.02143073 -0.00784616 -0.22173703
0.02152459 0.99969534 0.01207964 0.23692625
0.00758489 -0.01224538 0.99989625 0.45393959
0.00000000 0.00000000 0.00000000 1.00000000
186	186	187
0.99981117 -0.01837263 -0.00632989 -0.13048159
0.01844640 0.99976022 0.01179955 0.20579408
0.00611158 -0.01191409 0.99991035 0.43511682
0.00000000 0.00000000 0.00000000 1.00000000
187	187	188
0.99985772 -0.01616571 -0.00481843 -0.05255644
0.01621792 0.99980797 0.01100031 0.14586582
0.00463967 -0.01107689 0.99992789 0.42188467
0.00000000 0.00000000 0.00000000 1.00000000
188	188	189
0.99988810 -0.01429296 -0.00441659 -0.04978521
0.01433685 0.99984651 0.01007037 0.07771877
0.00427197 -0.01013256 0.99993954 0.41995941
0.00000000 0.00000000 0.00000000 1.00000000
189	189	190
0.99988970 -0.01481846 -0.00099968 0.14686511
0.01482745 0.99984315 0.00968604 0.07945604
0.00085599 -0.00969979 0.99995259 0.39089741
0.00000000 0.00000000 0.00000000 1.00000000
190	190	191
0.99992932 -0.01124415 -0.00386332 -0.06099741
0.01128878 0.99986746 0.01173155 0.21268655
0.00373090 -0.01177434 0.99992372 0.39618568
0.00000000 0.00000000 0.00000000 1.00000000
191	191	192
0.99992879 -0.01183184 -0.00155598 0.04722488
0.01184023 0.99991480 0.00549643 -0.14367359
0.00149081 -0.00551446 0.99998368 0.38377681
0.00000000 0.00000000 0.00000000 1.00000000
192	192	193
0.99993819 -0.01065190 -0.00318486 -0.07877511
0.01066687 0.99993196 0.00472148 -0.17298822
0.00313435 -0.00475516 0.99998378 0.36331719
0.00000000 0.00000000 0.00000000 1.00000000
193	193	194
0.99993866 -0.01101248 -0.00118169 -0.00849746
0.01101672 0.99993267 0.00364481 -0.20243733
0.00114147 -0.00365761 0.99999266 0.36897184
0.00000000 0.00000000 0.00000000 1.00000000
194	194	195
0.99994526 -0.00993178 0.00329165 0.19440848
0.00990993 0.99992918 0.00658999 -0.05135332
-0.00335687 -0.00655701 0.99997287 0.33218737
0.00000000 0.00000000 0.00000000 1.00000000
195	195	196
0.99992850 -0.01149091 0.00330817 0.13262462
0.01146908 0.99991282 0.00654290 -0.07125837
-0.00338307 -0.00650449 0.99997312 0.33397918
0.00000000 0.00000000 0.00000000 1.00000000
196	196	197
0.99994886 -0.00958609 0.00322106 0.06381747
0.00956514 0.99993341 0.00645555 -0.08905177
-0.00328273 -0.00642441 0.99997397 0.32961851
0.00000000 0.00000000 0.00000000 1.00000000
197	197	198
0.99994289 -0.01013545 0.00339052 0.02742342
0.01011000 0.99992122 0.00743926 -0.04757039
-0.00346566 -0.00740456 0.99996658 0.35401130
0.00000000 0.00000000 0.00000000 1.00000000
198	198	199
0.99993803 -0.01100758 0.00166148 -0.08168868
0.01099606 0.99991646 0.00679393 -0.08176736
-0.00173613 -0.00677524 0.99997554 0.35953467
0.00000000 0.00000000 0.00000000 1.00000000
199	199	200
0.99993234 -0.01137375 0.00244190 -0.08396166
0.01136022 0.99992044 0.00548183 -0.13125280
-0.00250406 -0.00545372 0.99998199 0.35104570
0.00000000 0.00000000 0.00000000 1.00000000
200	200	201
0.99995823 -0.00889952 0.00208181 -0.12719012
0.00888971 0.99994956 0.00467356 -0.15883046
-0.00212330 -0.00465486 0.99998691 0.36351064
0.00000000 0.00000000 0.00000000 1.00000000
201	201	202
0.99997532 -0.00683769 0.00161150 -0.18784303
0.00683071 0.99996744 0.00429639 -0.18451977
-0.00164083 -0.00428528 0.99998947 0.36401276
0.00000000 0.00000000 0.00000000 1.00000000
202	202	203
0.99998335 -0.00513321 0.00263730 -0.20486326
0.00512065 0.99997563 0.00474484 -0.19266834
-0.00266159 -0.00473125 0.99998527 0.34326083
0.00000000 0.00000000 0.00000000 1.00000000
203	203	204
0.99998352 -0.00429273 0.00381173 -0.20295046
0.00426158 0.99995777 0.00814265 -0.08444069
-0.00384652 -0.00812627 0.99995958 0.32528927
0.00000000 0.00000000 0.00000000 1.00000000
204	204	205
0.99996658 -0.00700194 0.00421968 -0.21693913
0.00696259 0.99993280 0.00926891 -0.04892993
-0.00428430 -0.00923922 0.99994814 0.31489892
0.00000000 0.00000000 0.00000000 1.00000000
205	205	206
0.99995098 -0.00926254 0.00349888 -0.27699977
0.00923185 0.99991964 0.00868872 -0.06680922
-0.00357908 -0.00865599 0.99995613 0.31548991
0.00000000 0.00000000 0.00000000 1.00000000
206	206	207
0.99995302 -0.00915695 0.00317860 -0.30957091
0.00913122 0.99992618 0.00801532 -0.07660993
-0.00325176 -0.00798592 0.99996282 0.30136876
0.00000000 0.00000000 0.00000000 1.00000000
207	207	208
0.99996013 -0.00805952 0.00384601 -0.31311972
0.00803138 0.99994127 0.00727696 -0.08865802
-0.00390444 -0.00724578 0.99996613 0.29972938
0.00000000 0.00000000 0.00000000 1.00000000
208	208	209
0.99996428 -0.00759645 0.00370629 -0.35023959
0.00758021 0.99996170 0.00437527 -0.17722445
-0.00373939 -0.00434702 0.99998356 0.31560922
0.00000000 0.00000000 0.00000000 1.00000000
209	209	210
0.99997571 -0.00574662 0.00394480 -0.38306618
