0	0	1
0.99999566 0.00241219 0.00169133 -21.28839793
-0.00241277 0.99999703 0.00034194 -0.95441130
-0.00169050 -0.00034602 0.99999851 0.84286472
0.00000000 0.00000000 0.00000000 1.00000000
1	1	2
0.99999542 0.00245515 -0.00176869 -21.37998833
-0.00245309 0.99999631 0.00116840 -0.95886879
0.00177155 -0.00116405 0.99999775 0.80279219
0.00000000 0.00000000 0.00000000 1.00000000
2	2	3
0.99998466 0.00254582 -0.00491917 -21.49641108
-0.00254480 0.99999674 0.00021499 -0.97523685
0.00491970 -0.00020247 0.99998788 0.84345338
0.00000000 0.00000000 0.00000000 1.00000000
3	3	4
0.99999927 0.00067387 0.00100671 -21.36562770
-0.00067452 0.99999956 0.00065135 -0.96305447
-0.00100627 -0.00065203 0.99999928 0.82414883
0.00000000 0.00000000 0.00000000 1.00000000
4	4	5
0.99999517 0.00233872 -0.00204844 -21.43887332
-0.00233532 0.99999589 0.00166149 -0.96496848
0.00205232 -0.00165669 0.99999652 0.71198239
0.00000000 0.00000000 0.00000000 1.00000000
5	5	6
0.99999601 0.00274471 0.00066614 -21.38338276
-0.00274393 0.99999555 -0.00116900 -1.03635748
-0.00066934 0.00116717 0.99999909 0.67254189
0.00000000 0.00000000 0.00000000 1.00000000
6	6	7
0.99998355 0.00556779 0.00137947 -21.37683813
-0.00556784 0.99998450 0.00003009 -0.98677083
-0.00137928 -0.00003777 0.99999905 0.65938969
0.00000000 0.00000000 0.00000000 1.00000000
7	7	8
0.99998789 0.00477095 0.00120952 -21.36549233
-0.00476603 0.99998047 -0.00404288 -1.07501738
-0.00122878 0.00403707 0.99999110 0.68106133
0.00000000 0.00000000 0.00000000 1.00000000
8	8	9
0.99997647 -0.00558654 0.00398039 -21.31642466
0.00560958 0.99996745 -0.00580002 -1.19699841
-0.00394786 0.00582221 0.99997526 0.68644633
0.00000000 0.00000000 0.00000000 1.00000000
9	9	10
0.99998689 -0.00368124 0.00355988 -21.31815026
0.00357833 0.99958752 0.02849551 -1.24919316
-0.00366331 -0.02848240 0.99958758 0.72548977
0.00000000 0.00000000 0.00000000 1.00000000
10	10	11
0.99998438 -0.00383109 0.00407002 -21.32298619
0.00370087 0.99949583 0.03153386 -1.25803778
-0.00418878 -0.03151830 0.99949440 0.70347627
0.00000000 0.00000000 0.00000000 1.00000000
11	11	12
0.99997463 -0.00457173 0.00546228 -21.31503947
0.00441326 0.99957889 0.02868025 -1.22889249
-0.00559109 -0.02865541 0.99957371 0.64708090
0.00000000 0.00000000 0.00000000 1.00000000
12	12	13
0.99995637 -0.00692632 0.00626788 -21.30129934
0.00670858 0.99939530 0.03411792 -1.14985465
-0.00650041 -0.03407439 0.99939816 0.61044870
0.00000000 0.00000000 0.00000000 1.00000000
13	13	14
0.99993334 -0.00944577 0.00663951 -21.28471162
0.00918239 0.99921110 0.03863748 -1.03399630
-0.00699924 -0.03857394 0.99923124 0.58227275
0.00000000 0.00000000 0.00000000 1.00000000
14	14	15
0.99994678 -0.00771898 0.00684557 -21.27134816
0.00740275 0.99895611 0.04507652 -1.07718976
-0.00718637 -0.04502344 0.99896008 0.56074832
0.00000000 0.00000000 0.00000000 1.00000000
15	15	16
0.99996770 -0.00594828 0.00540598 -21.27096153
0.00572892 0.99919423 0.03972505 -1.17391610
-0.00563792 -0.03969279 0.99919602 0.63032383
0.00000000 0.00000000 0.00000000 1.00000000
16	16	17
0.99994523 -0.00649243 0.00820831 -21.22854886
0.00637538 0.99987876 0.01420663 -1.24641742
-0.00829955 -0.01415352 0.99986539 0.42679303
0.00000000 0.00000000 0.00000000 1.00000000
17	17	18
0.99993505 -0.00378778 0.01074967 -21.21575270
0.00345129 0.99950876 0.03115006 -1.33766042
-0.01086238 -0.03111094 0.99945691 0.28731458
0.00000000 0.00000000 0.00000000 1.00000000
18	18	19
0.99995587 -0.00566506 0.00749423 -21.21625706
0.00556564 0.99989710 0.01322155 -1.27125899
-0.00756836 -0.01317926 0.99988451 0.44520861
0.00000000 0.00000000 0.00000000 1.00000000
19	19	20
0.99994535 -0.00495651 0.00920513 -21.21193561
0.00482694 0.99988972 0.01404474 -1.30738194
-0.00927373 -0.01399954 0.99985900 0.34268215
0.00000000 0.00000000 0.00000000 1.00000000
20	20	21
0.99994470 -0.00491368 0.00929810 -21.19798379
0.00476963 0.99986924 0.01545135 -1.28890049
-0.00937281 -0.01540615 0.99983739 0.31971104
0.00000000 0.00000000 0.00000000 1.00000000
21	21	22
0.99994661 -0.00501191 0.00903660 -21.20672294
0.00484976 0.99982842 0.01787757 -1.24785657
-0.00912465 -0.01783279 0.99979935 0.32698293
0.00000000 0.00000000 0.00000000 1.00000000
22	22	23
0.99993731 -0.00590754 0.00951223 -21.21498792
0.00576447 0.99987089 0.01499901 -1.16410794
-0.00959961 -0.01494324 0.99984226 0.27011811
0.00000000 0.00000000 0.00000000 1.00000000
23	23	24
0.99992302 -0.00697468 0.01026176 -21.21556117
0.00689889 0.99994880 0.00740295 -1.07739549
-0.01031287 -0.00733159 0.99991994 0.18387946
0.00000000 0.00000000 0.00000000 1.00000000
24	24	25
0.99993110 -0.00461851 0.01079156 -21.21982269
0.00451327 0.99994222 0.00975617 -1.24294413
-0.01083600 -0.00970679 0.99989417 0.13594430
0.00000000 0.00000000 0.00000000 1.00000000
25	25	26
0.99990242 -0.00308053 0.01362551 -21.22845514
0.00314237 0.99998485 -0.00451947 -1.44850690
-0.01361138 0.00456184 0.99989695 -0.14460138
0.00000000 0.00000000 0.00000000 1.00000000
26	26	27
0.99989662 -0.00021541 0.01437747 -21.25622612
0.00023534 0.99999901 -0.00138467 -1.68564445
-0.01437716 0.00138791 0.99989568 -0.20797428
0.00000000 0.00000000 0.00000000 1.00000000
27	27	28
0.99993427 -0.00551711 0.01005068 -21.30675794
0.00546691 0.99997248 0.00501570 -1.16575496
-0.01007807 -0.00496043 0.99993691 0.23776182
0.00000000 0.00000000 0.00000000 1.00000000
28	28	29
0.99996857 -0.00420007 0.00672396 -21.36009659
0.00410902 0.99990046 0.01349741 -1.20681657
-0.00677998 -0.01346935 0.99988630 0.59977439
0.00000000 0.00000000 0.00000000 1.00000000
29	29	30
0.99995694 -0.00384914 0.00844411 -21.37338542
0.00383704 0.99999159 0.00144814 -1.33194318
-0.00844961 -0.00141568 0.99996330 0.44258062
0.00000000 0.00000000 0.00000000 1.00000000
30	30	31
0.99993056 -0.00509141 0.01062830 -21.37006501
0.00518269 0.99994977 -0.00857868 -1.26891040
-0.01058409 0.00863317 0.99990672 0.23688207
0.00000000 0.00000000 0.00000000 1.00000000
31	31	32
0.99998495 -0.00196400 0.00512260 -21.40196684
0.00202591 0.99992463 -0.01210950 -1.53794388
-0.00509843 0.01211970 0.99991356 0.61200559
0.00000000 0.00000000 0.00000000 1.00000000
32	32	33
0.99999512 0.00182460 0.00253499 -21.43407838
-0.00186039 0.99989758 0.01419060 -1.63487102
-0.00250884 -0.01419525 0.99989609 0.77931316
0.00000000 0.00000000 0.00000000 1.00000000
33	33	34
0.99999853 -0.00097416 0.00140788 -21.43368074
0.00095242 0.99988159 0.01535894 -1.40818196
-0.00142267 -0.01535758 0.99988105 0.80911019
0.00000000 0.00000000 0.00000000 1.00000000
34	34	35
0.99999938 0.00109805 -0.00020171 -21.45058872
-0.00109490 0.99988699 0.01499333 -1.57351971
0.00021815 -0.01499310 0.99988757 0.92222539
0.00000000 0.00000000 0.00000000 1.00000000
35	35	36
0.99999427 0.00097874 0.00324021 -21.51728159
-0.00103299 0.99985861 0.01678345 -1.59863360
-0.00322332 -0.01678670 0.99985390 0.63391475
0.00000000 0.00000000 0.00000000 1.00000000
36	36	37
0.99999759 0.00003396 0.00219718 -21.53451206
-0.00006665 0.99988933 0.01487693 -1.51594015
-0.00219644 -0.01487704 0.99988692 0.72195239
0.00000000 0.00000000 0.00000000 1.00000000
37	37	38
0.99994952 0.00689716 0.00730723 -21.66459769
-0.00701800 0.99983687 0.01664301 -2.12872155
-0.00719125 -0.01669345 0.99983479 0.32379459
0.00000000 0.00000000 0.00000000 1.00000000
38	38	39
0.99990530 0.00527332 0.01271146 -21.82970328
-0.00545092 0.99988745 0.01397797 -1.96305375
-0.01263632 -0.01404593 0.99982150 -0.14774949
0.00000000 0.00000000 0.00000000 1.00000000
39	39	40
0.99988554 0.00821311 0.01270603 -21.87605008
-0.00846259 0.99976997 0.01970759 -2.32794371
-0.01254125 -0.01981286 0.99972505 -0.14320554
0.00000000 0.00000000 0.00000000 1.00000000
40	40	41
0.99983475 0.01230428 0.01338178 -21.92318635
-0.01266428 0.99955090 0.02715907 -2.87504616
-0.01304160 -0.02732405 0.99954155 -0.20213510
0.00000000 0.00000000 0.00000000 1.00000000
41	41	42
0.99983327 0.01367316 0.01210239 -21.90009487
-0.01402751 0.99946056 0.02969538 -3.09732015
-0.01168983 -0.02986019 0.99948573 -0.08829211
0.00000000 0.00000000 0.00000000 1.00000000
42	42	43
0.99988211 0.01070828 0.01100458 -21.87451799
-0.01100199 0.99957527 0.02698570 -2.74782866
-0.01071094 -0.02710360 0.99957525 -0.04469477
0.00000000 0.00000000 0.00000000 1.00000000
43	43	44
0.99986332 0.01267753 0.01061279 -21.89534261
-0.01292044 0.99964871 0.02314145 -2.75412497
-0.01031568 -0.02327541 0.99967587 -0.02077199
0.00000000 0.00000000 0.00000000 1.00000000
44	44	45
0.99990519 0.00986509 0.00960659 -21.87922221
-0.01012242 0.99958102 0.02711693 -2.67258690
-0.00933505 -0.02721160 0.99958611 0.06575470
0.00000000 0.00000000 0.00000000 1.00000000
45	45	46
0.99988366 0.01198588 0.00943443 -21.87769662
-0.01223223 0.99957390 0.02650251 -2.80668055
-0.00911275 -0.02661483 0.99960423 0.07425089
0.00000000 0.00000000 0.00000000 1.00000000
46	46	47
0.99982720 0.01473310 0.01133569 -21.99155727
-0.01502505 0.99954601 0.02611549 -3.02679028
-0.01094579 -0.02628130 0.99959466 -0.05094845
0.00000000 0.00000000 0.00000000 1.00000000
47	47	48
0.99988077 0.01212977 0.00955604 -21.89501291
-0.01238249 0.99956288 0.02684640 -2.85810660
-0.00922622 -0.02696153 0.99959389 0.09442818
0.00000000 0.00000000 0.00000000 1.00000000
48	48	49
0.99986726 0.01134732 0.01169220 -22.07348106
-0.01159652 0.99970221 0.02147107 -2.44422067
-0.01144508 -0.02160381 0.99970110 -0.10310400
0.00000000 0.00000000 0.00000000 1.00000000
49	49	50
0.99978719 0.01557359 0.01352917 -22.24079851
-0.01578480 0.99975297 0.01564742 -2.33097535
-0.01328214 -0.01585764 0.99978604 -0.52080236
0.00000000 0.00000000 0.00000000 1.00000000
50	50	51
0.99972487 0.02040816 0.01156227 -22.17621712
-0.02055990 0.99970200 0.01316072 -2.64114412
-0.01129024 -0.01339482 0.99984654 -0.40083804
0.00000000 0.00000000 0.00000000 1.00000000
51	51	52
0.99975682 0.01789209 0.01289074 -22.29676153
-0.01803938 0.99977226 0.01140206 -2.32280524
-0.01268380 -0.01163183 0.99985190 -0.50142005
0.00000000 0.00000000 0.00000000 1.00000000
52	52	53
0.99979455 0.01498683 0.01364721 -22.36997535
-0.01520453 0.99975653 0.01599068 -2.49909296
-0.01340424 -0.01619489 0.99977900 -0.58082762
0.00000000 0.00000000 0.00000000 1.00000000
53	53	54
0.99975641 0.01745604 0.01350618 -22.39749894
-0.01762531 0.99976631 0.01251680 -2.44382764
-0.01328453 -0.01275180 0.99983044 -0.55383928
0.00000000 0.00000000 0.00000000 1.00000000
54	54	55
0.99980283 0.01479847 0.01324045 -22.39488905
-0.01500060 0.99977043 0.01529956 -2.48473492
-0.01301100 -0.01549516 0.99979529 -0.52873829
0.00000000 0.00000000 0.00000000 1.00000000
55	55	56
0.99976659 0.01570109 0.01484035 -22.53059119
-0.01599980 0.99966736 0.02022792 -3.00419626
-0.01451781 -0.02046064 0.99968525 -0.62574941
0.00000000 0.00000000 0.00000000 1.00000000
56	56	57
0.99978323 0.01591289 0.01342622 -22.41103429
-0.01616244 0.99969472 0.01868797 -2.87894097
-0.01312474 -0.01890092 0.99973521 -0.50824615
0.00000000 0.00000000 0.00000000 1.00000000
57	57	58
0.99981344 0.01423958 0.01305054 -22.38241282
-0.01451709 0.99966511 0.02142252 -3.01188987
-0.01274112 -0.02160798 0.99968533 -0.42857121
0.00000000 0.00000000 0.00000000 1.00000000
58	58	59
0.99985502 0.01019956 0.01363508 -22.42318512
-0.01050996 0.99968273 0.02289058 -2.81587703
-0.01339728 -0.02303057 0.99964499 -0.46358600
0.00000000 0.00000000 0.00000000 1.00000000
59	59	60
0.99985050 0.01171791 0.01271461 -22.32444134
-0.01200796 0.99966379 0.02298082 -2.97712820
-0.01244105 -0.02313006 0.99965505 -0.36794237
0.00000000 0.00000000 0.00000000 1.00000000
60	60	61
0.99988132 0.01104987 0.01073571 -22.10367405
-0.01129644 0.99966736 0.02318531 -2.97620597
-0.01047594 -0.02330383 0.99967354 -0.18093192
0.00000000 0.00000000 0.00000000 1.00000000
61	61	62
0.99990803 0.00973480 0.00944231 -21.95575334
-0.00999603 0.99955721 0.02802601 -3.34553332
-0.00916530 -0.02811782 0.99956260 -0.04798726
0.00000000 0.00000000 0.00000000 1.00000000
62	62	63
0.99992582 0.00958905 0.00750970 -21.73574184
-0.00980890 0.99950754 0.02980720 -3.53209866
-0.00722018 -0.02987865 0.99952746 0.12819347
0.00000000 0.00000000 0.00000000 1.00000000
63	63	64
0.99995099 0.00707028 0.00693028 -21.63305120
-0.00730496 0.99937994 0.03444370 -3.76287200
-0.00668245 -0.03449264 0.99938261 0.19865608
0.00000000 0.00000000 0.00000000 1.00000000
64	64	65
0.99996288 0.00678639 0.00530934 -21.42568384
-0.00697429 0.99931984 0.03621068 -3.90902261
-0.00505999 -0.03624637 0.99933007 0.34069111
0.00000000 0.00000000 0.00000000 1.00000000
65	65	66
0.99996777 0.00688551 0.00412825 -21.26862746
-0.00700642 0.99952448 0.03002867 -3.27151582
-0.00391953 -0.03005663 0.99954051 0.42817478
0.00000000 0.00000000 0.00000000 1.00000000
66	66	67
0.99996718 0.00722992 0.00365726 -21.19859111
-0.00732572 0.99961133 0.02689820 -2.97234918
-0.00346137 -0.02692411 0.99963149 0.46099225
0.00000000 0.00000000 0.00000000 1.00000000
67	67	68
0.99996311 0.00676556 0.00529289 -21.35799976
-0.00691201 0.99957953 0.02815990 -3.01004928
-0.00510015 -0.02819545 0.99958942 0.26191622
0.00000000 0.00000000 0.00000000 1.00000000
68	68	69
0.99996037 0.00727104 0.00513683 -21.34481269
-0.00739828 0.99965504 0.02520053 -2.74183031
-0.00495183 -0.02523753 0.99966922 0.27424872
0.00000000 0.00000000 0.00000000 1.00000000
69	69	70
0.99997844 0.00287031 0.00590588 -21.44851091
-0.00299668 0.99976436 0.02150003 -1.75611446
-0.00584278 -0.02151726 0.99975140 0.16181182
0.00000000 0.00000000 0.00000000 1.00000000
70	70	71
0.99996758 -0.00097711 0.00799335 -21.64731947
0.00081550 0.99979570 0.02019639 -1.09101325
-0.00801145 -0.02018922 0.99976408 -0.09134539
0.00000000 0.00000000 0.00000000 1.00000000
71	71	72
0.99996177 -0.00491946 0.00722943 -21.57579589
0.00479624 0.99984460 0.01696389 -0.24699073
-0.00731176 -0.01692857 0.99982997 -0.01638494
0.00000000 0.00000000 0.00000000 1.00000000
72	72	73
0.99995772 -0.00456337 0.00798364 -21.66500037
0.00439555 0.99977162 0.02091373 -0.68611394
-0.00807726 -0.02087775 0.99974941 -0.10891430
0.00000000 0.00000000 0.00000000 1.00000000
73	73	74
0.99995377 -0.00720017 0.00637254 -21.51323857
0.00707846 0.99979593 0.01892057 -0.13753248
-0.00650747 -0.01887459 0.99980068 0.08389599
0.00000000 0.00000000 0.00000000 1.00000000
74	74	75
0.99997751 -0.00120856 0.00659670 -21.51830248
0.00107486 0.99979471 0.02023323 -1.09921407
-0.00661980 -0.02022569 0.99977352 0.06127485
0.00000000 0.00000000 0.00000000 1.00000000
75	75	76
0.99999002 -0.00002586 0.00446725 -21.29346533
-0.00003193 0.99991633 0.01293539 -0.61566919
-0.00446721 -0.01293540 0.99990636 0.33529434
0.00000000 0.00000000 0.00000000 1.00000000
76	76	77
0.99999855 -0.00009770 -0.00169962 -20.75884763
0.00009754 0.99999999 -0.00009226 0.48953762
0.00169963 0.00009210 0.99999855 1.20859878
0.00000000 0.00000000 0.00000000 1.00000000
77	77	78
0.99999925 -0.00070971 -0.00099673 -20.78029478
0.00071172 0.99999770 0.00202178 0.42521241
0.00099529 -0.00202249 0.99999746 1.07316100
0.00000000 0.00000000 0.00000000 1.00000000
78	78	79
0.99999456 0.00233272 0.00233297 -21.00610780
-0.00234741 0.99997729 0.00631734 -0.33781751
-0.00231818 -0.00632278 0.99997732 0.55838096
0.00000000 0.00000000 0.00000000 1.00000000
79	79	80
0.99999042 0.00246892 0.00361378 -21.06884563
-0.00250032 0.99995895 0.00870901 -0.50237495
-0.00359213 -0.00871796 0.99995555 0.33602188
0.00000000 0.00000000 0.00000000 1.00000000
80	80	81
0.99999323 -0.00094598 0.00355551 -21.03109212
0.00092204 0.99997692 0.00673085 0.22695382
-0.00356180 -0.00672753 0.99997103 0.30272088
0.00000000 0.00000000 0.00000000 1.00000000
81	81	82
0.99998895 0.00236772 0.00406064 -21.07202983
-0.00239743 0.99997028 0.00732747 -0.34857610
-0.00404317 -0.00733712 0.99996491 0.18770711
0.00000000 0.00000000 0.00000000 1.00000000
82	82	83
0.99999138 0.00164144 0.00381426 -21.02961410
-0.00168505 0.99993292 0.01145951 -0.50508734
-0.00379519 -0.01146584 0.99992706 0.21627204
0.00000000 0.00000000 0.00000000 1.00000000
83	83	84
0.99999749 -0.00171077 0.00144538 -20.84391177
0.00169596 0.99994667 0.01018699 0.12271648
-0.00146273 -0.01018452 0.99994707 0.59659211
0.00000000 0.00000000 0.00000000 1.00000000
84	84	85
0.99999921 -0.00109259 0.00062512 -20.76455638
0.00108246 0.99987172 0.01598053 -0.31196722
-0.00064250 -0.01597984 0.99987211 0.73922663
0.00000000 0.00000000 0.00000000 1.00000000
85	85	86
0.99999366 -0.00333685 0.00124439 -20.76877722
0.00331855 0.99989039 0.01442914 0.21889883
-0.00129240 -0.01442492 0.99989512 0.60626063
0.00000000 0.00000000 0.00000000 1.00000000
86	86	87
0.99998826 -0.00477993 0.00079192 -20.72343484
0.00476874 0.99989649 0.01357445 0.62785830
-0.00085672 -0.01357052 0.99990755 0.64868797
0.00000000 0.00000000 0.00000000 1.00000000
87	87	88
0.99999932 -0.00094332 0.00068983 -20.72962553
0.00093484 0.99992531 0.01218602 -0.04978452
-0.00070127 -0.01218537 0.99992551 0.66119329
0.00000000 0.00000000 0.00000000 1.00000000
88	88	89
0.99999927 0.00025842 0.00118336 -20.75904152
-0.00027131 0.99994046 0.01090854 -0.22194349
-0.00118047 -0.01090885 0.99993980 0.57736090
0.00000000 0.00000000 0.00000000 1.00000000
89	89	90
0.99999919 -0.00121023 0.00039341 -20.71525565
0.00120669 0.99995986 0.00887790 0.16513888
-0.00040414 -0.00887742 0.99996051 0.73273516
0.00000000 0.00000000 0.00000000 1.00000000
90	90	91
0.99999453 -0.00303978 -0.00130686 -20.63977946
0.00305009 0.99996369 0.00795766 0.55448034
0.00128263 -0.00796160 0.99996748 1.06243332
0.00000000 0.00000000 0.00000000 1.00000000
91	91	92
0.99998824 -0.00357670 -0.00327605 -20.58829722
0.00361585 0.99992117 0.01202385 0.49843778
0.00323279 -0.01203556 0.99992234 1.46275830
0.00000000 0.00000000 0.00000000 1.00000000
92	92	93
0.99997046 -0.00601477 -0.00478624 -20.53537925
0.00609258 0.99984675 0.01641223 0.82226185
0.00468679 -0.01644091 0.99985385 1.75963833
0.00000000 0.00000000 0.00000000 1.00000000
93	93	94
0.99995503 -0.00790379 -0.00524115 -20.50927817
0.00800802 0.99976441 0.02017439 1.05918303
0.00508046 -0.02021545 0.99978274 1.85667648
0.00000000 0.00000000 0.00000000 1.00000000
94	94	95
0.99996876 -0.00676719 -0.00408354 -20.53822050
0.00684397 0.99979432 0.01909113 0.89887028
0.00395351 -0.01911848 0.99980941 1.65293909
0.00000000 0.00000000 0.00000000 1.00000000
95	95	96
0.99997356 -0.00685632 -0.00242424 -20.58513796
0.00689751 0.99982460 0.01741262 0.96694409
0.00230443 -0.01742888 0.99984545 1.35838464
0.00000000 0.00000000 0.00000000 1.00000000
96	96	97
0.99997548 -0.00675503 -0.00184662 -20.59333279
0.00678501 0.99983688 0.01673836 0.96688263
0.00173325 -0.01675048 0.99985820 1.26335578
0.00000000 0.00000000 0.00000000 1.00000000
97	97	98
0.99996925 -0.00756150 -0.00207721 -20.58849612
0.00760218 0.99976445 0.02032863 1.04853224
0.00192300 -0.02034379 0.99979119 1.30839141
0.00000000 0.00000000 0.00000000 1.00000000
98	98	99
0.99996090 -0.00851291 -0.00239205 -20.59185227
0.00855483 0.99979962 0.01809766 1.27590303
0.00223751 -0.01811742 0.99983336 1.36177942
0.00000000 0.00000000 0.00000000 1.00000000
99	99	100
0.99994937 -0.00955308 -0.00316119 -20.58715412
0.00960508 0.99981168 0.01686248 1.48062657
0.00299951 -0.01689199 0.99985282 1.49410674
0.00000000 0.00000000 0.00000000 1.00000000
100	100	101
0.99994721 -0.00959135 -0.00368473 -20.59226252
0.00964743 0.99983311 0.01551368 1.54400108
0.00353532 -0.01554841 0.99987287 1.56448281
0.00000000 0.00000000 0.00000000 1.00000000
101	101	102
0.99991210 -0.01286010 -0.00322543 -20.60652261
0.01291680 0.99975057 0.01821971 2.01743378
0.00299031 -0.01825977 0.99982880 1.45939851
0.00000000 0.00000000 0.00000000 1.00000000
102	102	103
0.99992251 -0.01183353 -0.00386596 -20.60410577
0.01191072 0.99971695 0.02059499 1.84719787
0.00362115 -0.02063945 0.99978043 1.57636920
0.00000000 0.00000000 0.00000000 1.00000000
103	103	104
0.99991023 -0.01287601 -0.00370762 -20.58584290
0.01293358 0.99978922 0.01594514 2.06693474
0.00350153 -0.01599166 0.99986599 1.54184653
0.00000000 0.00000000 0.00000000 1.00000000
104	104	105
0.99989881 -0.01419460 -0.00093744 -20.58508568
0.01419485 0.99989921 0.00026175 2.35003485
0.00093363 -0.00027503 0.99999953 1.08222964
0.00000000 0.00000000 0.00000000 1.00000000
105	105	106
0.99986462 -0.01622544 -0.00273376 -20.54536734
0.01623097 0.99986624 0.00201311 2.66560867
0.00270073 -0.00205721 0.99999424 1.35917470
0.00000000 0.00000000 0.00000000 1.00000000
106	106	107
0.99984756 -0.01736046 -0.00186303 -20.51688783
0.01736166 0.99984908 0.00063008 2.84810537
0.00185181 -0.00066233 0.99999807 1.20767272
0.00000000 0.00000000 0.00000000 1.00000000
107	107	108
0.99986070 -0.01650541 -0.00248165 -20.50085764
0.01650256 0.99986315 -0.00116274 2.73395778
0.00250050 0.00112162 0.99999624 1.29985194
0.00000000 0.00000000 0.00000000 1.00000000
108	108	109
0.99979221 -0.02019528 -0.00277288 -20.48854390
0.02019218 0.99979546 -0.00114274 3.27118633
0.00279539 0.00108652 0.99999550 1.34862911
0.00000000 0.00000000 0.00000000 1.00000000
109	109	110
0.99976754 -0.02132572 -0.00317430 -20.48736400
0.02131007 0.99976099 -0.00488395 3.37982853
0.00327769 0.00481517 0.99998304 1.37767729
0.00000000 0.00000000 0.00000000 1.00000000
110	110	111
0.99983896 -0.01773371 -0.00275087 -20.46734305
0.01772275 0.99983510 -0.00395915 2.87559050
0.00282062 0.00390976 0.99998838 1.30849985
0.00000000 0.00000000 0.00000000 1.00000000
111	111	112
0.99989142 -0.01437396 -0.00324609 -20.48712480
0.01434519 0.99985909 -0.00871869 2.21182934
0.00337096 0.00867118 0.99995672 1.36877083
0.00000000 0.00000000 0.00000000 1.00000000
112	112	113
0.99988106 -0.01467871 -0.00473323 -20.53632462
0.01463598 0.99985293 -0.00893923 2.24630889
0.00486375 0.00886889 0.99994884 1.60582179
0.00000000 0.00000000 0.00000000 1.00000000
113	113	114
0.99985784 -0.01636516 -0.00405852 -20.51256303
0.01632394 0.99981684 -0.00999027 2.48087643
0.00422127 0.00992260 0.99994186 1.50291001
0.00000000 0.00000000 0.00000000 1.00000000
114	114	115
0.99991089 -0.01309208 -0.00260943 -20.45665836
0.01306169 0.99985035 -0.01134350 1.93977417
0.00275755 0.01130840 0.99993226 1.28394721
0.00000000 0.00000000 0.00000000 1.00000000
115	115	116
0.99993518 -0.01121501 -0.00196240 -20.41519924
0.01118815 0.99985024 -0.01320346 1.57575123
0.00211019 0.01318065 0.99991090 1.18888944
0.00000000 0.00000000 0.00000000 1.00000000
116	116	117
0.99990121 -0.01404338 0.00059225 -20.27197915
0.01405055 0.99979405 -0.01464385 1.93579220
-0.00038648 0.01465073 0.99989260 0.79144485
0.00000000 0.00000000 0.00000000 1.00000000
117	117	118
0.99992687 -0.01191284 0.00208428 -20.18174924
0.01194417 0.99980503 -0.01572370 1.56403682
-0.00189656 0.01574745 0.99987420 0.55453629
0.00000000 0.00000000 0.00000000 1.00000000
118	118	119
0.99991534 -0.01170328 0.00568742 -19.96897497
0.01180652 0.99975967 -0.01847157 1.38128992
-0.00546987 0.01853716 0.99981321 0.02444138
0.00000000 0.00000000 0.00000000 1.00000000
119	119	120
0.99992913 -0.00949083 0.00718729 -19.87969661
0.00953649 0.99993440 -0.00634457 1.82185830
-0.00712660 0.00641266 0.99995404 -0.16030656
0.00000000 0.00000000 0.00000000 1.00000000
120	120	121
0.99997285 -0.00366651 0.00639200 -19.96250354
0.00370845 0.99997159 -0.00656241 0.93528627
-0.00636776 0.00658594 0.99995804 -0.04444007
0.00000000 0.00000000 0.00000000 1.00000000
121	121	122
0.99998731 -0.00089897 0.00495651 -20.08824165
0.00088400 0.99999505 0.00302035 1.19409126
-0.00495920 -0.00301593 0.99998316 0.24684153
0.00000000 0.00000000 0.00000000 1.00000000
122	122	123
0.99998307 0.00227306 0.00535653 -20.07725730
-0.00229459 0.99998930 0.00401727 0.80859626
-0.00534734 -0.00402949 0.99997758 0.24104297
0.00000000 0.00000000 0.00000000 1.00000000
123	123	124
0.99998098 0.00140123 0.00600661 -20.03623135
-0.00143403 0.99998407 0.00545958 1.05898222
-0.00599886 -0.00546809 0.99996706 0.16809679
0.00000000 0.00000000 0.00000000 1.00000000
124	124	125
0.99997531 0.00247030 0.00657777 -20.01663757
-0.00250637 0.99998184 0.00548085 0.92086258
-0.00656411 -0.00549720 0.99996335 0.08914929
0.00000000 0.00000000 0.00000000 1.00000000
125	125	126
0.99995537 0.00451647 0.00829763 -19.89996803
-0.00454956 0.99998176 0.00397265 0.49332572
-0.00827954 -0.00401022 0.99995768 -0.18504006
0.00000000 0.00000000 0.00000000 1.00000000
126	126	127
0.99995129 0.00359528 0.00919145 -19.82238015
-0.00363494 0.99998414 0.00430226 0.67610776
-0.00917584 -0.00433546 0.99994850 -0.32325466
0.00000000 0.00000000 0.00000000 1.00000000
127	127	128
0.99993534 0.00502064 0.01020299 -19.73527262
-0.00505846 0.99998042 0.00368356 0.43410436
-0.01018429 -0.00373493 0.99994116 -0.48130418
0.00000000 0.00000000 0.00000000 1.00000000
128	128	129
0.99991779 0.00596246 0.01135150 -19.64407602
-0.00599511 0.99997798 0.00284472 0.22811974
-0.01133429 -0.00291254 0.99993152 -0.67514946
0.00000000 0.00000000 0.00000000 1.00000000
129	129	130
0.99991689 0.00735342 0.01058998 -19.72973661
-0.00738543 0.99996827 0.00298613 0.05496428
-0.01056769 -0.00306410 0.99993947 -0.60423497
0.00000000 0.00000000 0.00000000 1.00000000
130	130	131
0.99989611 0.00804209 0.01196232 -19.60600504
-0.00806534 0.99996568 0.00189662 -0.18001380
-0.01194666 -0.00199291 0.99992665 -0.79973781
0.00000000 0.00000000 0.00000000 1.00000000
131	131	132
0.99988898 0.00822947 0.01242215 -19.57612483
-0.00825565 0.99996380 0.00205805 -0.20070697
-0.01240476 -0.00216037 0.99992072 -0.86793855
0.00000000 0.00000000 0.00000000 1.00000000
132	132	133
0.99988786 0.00858267 0.01227192 -19.60519810
-0.00861015 0.99996054 0.00218822 -0.24178833
-0.01225266 -0.00229363 0.99992230 -0.84411777
0.00000000 0.00000000 0.00000000 1.00000000
133	133	134
0.99989151 0.00889471 0.01174089 -19.67496315
-0.00892665 0.99995659 0.00267118 -0.22593186
-0.01171662 -0.00277569 0.99992751 -0.75506610
0.00000000 0.00000000 0.00000000 1.00000000
134	134	135
0.99988440 0.00940720 0.01194517 -19.64970148
-0.00942587 0.99995444 0.00150812 -0.44215073
-0.01193044 -0.00162054 0.99992752 -0.78498431
0.00000000 0.00000000 0.00000000 1.00000000
135	135	136
0.99988734 0.00918241 0.01187393 -19.65176436
-0.00919820 0.99995688 0.00127621 -0.47211462
-0.01186170 -0.00138528 0.99992869 -0.80880752
0.00000000 0.00000000 0.00000000 1.00000000
136	136	137
0.99989031 0.00879553 0.01191662 -19.63220390
-0.00882242 0.99995865 0.00220542 -0.35861450
-0.01189673 -0.00231031 0.99992656 -0.85220732
0.00000000 0.00000000 0.00000000 1.00000000
137	137	138
0.99990860 0.00784927 0.01100820 -19.73178421
-0.00788931 0.99996241 0.00359818 -0.10534706
-0.01097954 -0.00368469 0.99993293 -0.69631215
0.00000000 0.00000000 0.00000000 1.00000000
138	138	139
0.99990083 0.00793019 0.01163758 -19.66472044
-0.00797390 0.99996131 0.00371431 -0.12846961
-0.01160767 -0.00380674 0.99992538 -0.77092251
0.00000000 0.00000000 0.00000000 1.00000000
139	139	140
0.99988251 0.00941202 0.01209899 -19.62935418
-0.00945886 0.99994797 0.00382033 -0.36194519
-0.01206240 -0.00393432 0.99991951 -0.82396703
0.00000000 0.00000000 0.00000000 1.00000000
140	140	141
0.99988900 0.00939420 0.01156411 -19.67303927
-0.00944825 0.99994465 0.00462838 -0.31880395
-0.01151999 -0.00473713 0.99992242 -0.72420005
0.00000000 0.00000000 0.00000000 1.00000000
141	141	142
0.99988938 0.00865636 0.01209518 -19.58465825
-0.00870966 0.99995256 0.00436130 -0.27919701
-0.01205685 -0.00446616 0.99991734 -0.83462302
0.00000000 0.00000000 0.00000000 1.00000000
142	142	143
0.99986388 0.01004206 0.01309089 -19.44793829
-0.01005231 0.99994922 0.00071756 -0.91541587
-0.01308302 -0.00084906 0.99991405 -0.99009925
0.00000000 0.00000000 0.00000000 1.00000000
143	143	144
0.99985178 0.01104383 0.01320786 -19.38133542
-0.01104360 0.99993901 -0.00009041 -1.18351296
-0.01320805 -0.00005547 0.99991277 -0.97250298
0.00000000 0.00000000 0.00000000 1.00000000
144	144	145
0.99986396 0.01022289 0.01294428 -19.34637146
-0.01028847 0.99993452 0.00500952 -0.63338532
-0.01289222 -0.00514201 0.99990367 -0.85633372
0.00000000 0.00000000 0.00000000 1.00000000
145	145	146
0.99991275 0.00682902 0.01130780 -19.45739157
-0.00690729 0.99995236 0.00689758 0.05760671
-0.01126016 -0.00697508 0.99991227 -0.58420408
0.00000000 0.00000000 0.00000000 1.00000000
146	146	147
0.99992186 0.00656973 0.01063578 -19.47940540
-0.00662717 0.99996360 0.00537456 -0.09997821
-0.01060008 -0.00544462 0.99992899 -0.48151266
0.00000000 0.00000000 0.00000000 1.00000000
147	147	148
0.99993812 0.00538150 0.00973618 -19.54051656
-0.00543438 0.99997058 0.00541337 0.04571383
-0.00970676 -0.00546594 0.99993795 -0.34102550
0.00000000 0.00000000 0.00000000 1.00000000
148	148	149
0.99992309 0.00672580 0.01042046 -19.44364103
-0.00676882 0.99996869 0.00409870 -0.31097727
-0.01039257 -0.00416892 0.99993731 -0.44283576
0.00000000 0.00000000 0.00000000 1.00000000
149	149	150
0.99987986 0.00847052 0.01298167 -19.15775339
-0.00857896 0.99992859 0.00832015 -0.13125606
-0.01291027 -0.00843052 0.99988112 -0.76356783
0.00000000 0.00000000 0.00000000 1.00000000
150	150	151
0.99994513 0.00792100 0.00685525 -19.72349547
-0.00797333 0.99993904 0.00763880 -0.12274091
-0.00679433 -0.00769304 0.99994733 0.15700915
0.00000000 0.00000000 0.00000000 1.00000000
151	151	152
0.99994237 0.00906404 0.00575244 -19.78656956
-0.00908756 0.99995040 0.00407635 -0.66564343
-0.00571521 -0.00412839 0.99997515 0.30661089
0.00000000 0.00000000 0.00000000 1.00000000
152	152	153
0.99992416 0.01056109 0.00633542 -19.69061694
-0.01063933 0.99986595 0.01244543 -0.04354225
-0.00620313 -0.01251189 0.99990248 0.26148996
0.00000000 0.00000000 0.00000000 1.00000000
153	153	154
0.99994792 0.00927014 0.00426760 -19.86579717
-0.00936543 0.99969435 0.02287997 1.18171309
-0.00405420 -0.02291875 0.99972911 0.64482425
0.00000000 0.00000000 0.00000000 1.00000000
154	154	155
0.99994249 0.00918753 0.00553160 -19.72527745
-0.00942469 0.99896516 0.04449472 3.39155030
-0.00511708 -0.04454429 0.99899430 0.54957137
0.00000000 0.00000000 0.00000000 1.00000000
155	155	156
0.99992570 0.01064543 0.00593874 -19.68773421
-0.01093519 0.99863343 0.05110470 3.85465986
-0.00538659 -0.05116585 0.99867564 0.55769407
0.00000000 0.00000000 0.00000000 1.00000000
156	156	157
0.99991003 0.01218725 0.00560381 -19.74391942
-0.01243295 0.99885811 0.04612918 3.17369613
-0.00503523 -0.04619471 0.99891976 0.52638133
0.00000000 0.00000000 0.00000000 1.00000000
157	157	158
0.99992996 0.01085491 0.00471700 -19.87380235
-0.01099491 0.99946685 0.03074280 1.89498557
-0.00438077 -0.03079251 0.99951620 0.55232066
0.00000000 0.00000000 0.00000000 1.00000000
158	158	159
0.99993856 0.00980199 0.00517671 -19.82909675
-0.00991144 0.99971843 0.02155980 1.15738752
-0.00496392 -0.02160978 0.99975416 0.47367093
0.00000000 0.00000000 0.00000000 1.00000000
159	159	160
0.99994006 0.00980292 0.00487540 -19.84419732
-0.00987358 0.99984341 0.01468534 0.52481729
-0.00473068 -0.01473260 0.99988028 0.49309886
0.00000000 0.00000000 0.00000000 1.00000000
160	160	161
0.99994644 0.00942068 0.00428461 -19.89931416
-0.00953130 0.99960138 0.02657516 1.66492515
-0.00403254 -0.02661458 0.99963764 0.59415379
0.00000000 0.00000000 0.00000000 1.00000000
161	161	162
0.99994939 0.00888823 0.00471307 -19.86144499
-0.00902621 0.99950578 0.03011172 2.06265813
-0.00444310 -0.03015274 0.99953543 0.59414827
0.00000000 0.00000000 0.00000000 1.00000000
162	162	163
0.99995284 0.00908941 0.00341964 -19.97485888
-0.00917176 0.99964811 0.02489037 1.54559846
-0.00319219 -0.02492056 0.99968434 0.68944514
0.00000000 0.00000000 0.00000000 1.00000000
163	163	164
0.99989261 0.01448594 0.00222006 -20.11286582
-0.01458622 0.99837671 0.05505629 3.96953216
-0.00141892 -0.05508276 0.99848078 0.83828449
0.00000000 0.00000000 0.00000000 1.00000000
164	164	165
0.99992023 0.01248994 0.00188202 -20.14694745
-0.01257943 0.99816889 0.05916606 4.53253666
-0.00113959 -0.05918502 0.99824638 0.86508161
0.00000000 0.00000000 0.00000000 1.00000000
165	165	166
0.99992614 0.01190613 0.00243937 -20.10292359
-0.01202137 0.99844253 0.05447940 4.13908119
-0.00178693 -0.05450470 0.99851192 0.81889003
0.00000000 0.00000000 0.00000000 1.00000000
166	166	167
0.99989978 0.01399448 0.00214318 -20.12666465
-0.01407454 0.99895281 0.04353382 3.05381427
-0.00153170 -0.04355962 0.99904966 0.83588872
0.00000000 0.00000000 0.00000000 1.00000000
167	167	168
0.99987620 0.01547917 0.00282406 -20.06633686
-0.01556697 0.99929033 0.03430022 2.13504000
-0.00229112 -0.03433994 0.99940758 0.79652206
0.00000000 0.00000000 0.00000000 1.00000000
168	168	169
0.99985868 0.01641452 0.00363027 -19.98189140
-0.01656022 0.99886706 0.04461334 3.01076914
-0.00289385 -0.04466715 0.99899773 0.75983785
0.00000000 0.00000000 0.00000000 1.00000000
169	169	170
0.99985018 0.01655535 0.00505391 -19.86014398
-0.01673371 0.99915406 0.03756517 2.36898904
-0.00442773 -0.03764411 0.99928140 0.73740829
0.00000000 0.00000000 0.00000000 1.00000000
170	170	171
0.99982871 0.01768651 0.00545294 -19.84588207
-0.01792903 0.99867652 0.04820548 3.29889074
-0.00459314 -0.04829499 0.99882256 0.75579430
0.00000000 0.00000000 0.00000000 1.00000000
171	171	172
0.99979827 0.01885690 0.00691654 -19.69842871
-0.01916046 0.99871952 0.04682098 3.14074654
-0.00602479 -0.04694406 0.99887935 0.74400311
0.00000000 0.00000000 0.00000000 1.00000000
172	172	173
0.99977904 0.01949643 0.00785825 -19.63640609
-0.01977214 0.99913125 0.03668536 2.25784199
-0.00713619 -0.03683263 0.99929597 0.73913407
0.00000000 0.00000000 0.00000000 1.00000000
173	173	174
0.99976154 0.02041404 0.00775457 -19.64211757
-0.02067611 0.99916040 0.03536942 2.17837272
-0.00702602 -0.03552132 0.99934422 0.77017039
0.00000000 0.00000000 0.00000000 1.00000000
174	174	175
0.99975048 0.02092270 0.00782418 -19.60990300
-0.02111434 0.99945766 0.02527003 1.32458786
-0.00729121 -0.02542892 0.99965004 0.75246484
0.00000000 0.00000000 0.00000000 1.00000000
175	175	176
0.99979344 0.01993925 0.00393647 -19.95301725
-0.02004008 0.99942101 0.02749615 1.56653540
-0.00338594 -0.02756936 0.99961416 0.87730703
0.00000000 0.00000000 0.00000000 1.00000000
176	176	177
0.99978409 0.02032659 0.00431216 -19.90361792
-0.02043181 0.99945443 0.02594979 1.46098835
-0.00378234 -0.02603229 0.99965395 0.89043137
0.00000000 0.00000000 0.00000000 1.00000000
177	177	178
0.99979180 0.02009803 0.00352593 -19.97117744
-0.02019239 0.99937098 0.02915335 1.77467917
-0.00293779 -0.02921848 0.99956873 0.88296623
0.00000000 0.00000000 0.00000000 1.00000000
178	178	179
0.99977471 0.02112412 0.00207341 -20.09235011
-0.02117021 0.99944982 0.02553197 1.45783104
-0.00153293 -0.02557011 0.99967186 0.89072785
0.00000000 0.00000000 0.00000000 1.00000000
179	179	180
0.99974732 0.02235407 0.00236515 -20.08196652
-0.02240227 0.99948850 0.02282266 1.18076399
-0.00185377 -0.02286988 0.99973673 0.88064429
0.00000000 0.00000000 0.00000000 1.00000000
180	180	181
0.99978354 0.02062997 0.00269651 -20.09749287
-0.02069365 0.99944191 0.02622297 1.46472509
-0.00215403 -0.02627310 0.99965248 0.88438917
0.00000000 0.00000000 0.00000000 1.00000000
181	181	182
0.99980303 0.01981932 0.00104469 -20.29949830
-0.01983056 0.99972949 0.01215322 0.06886051
-0.00080354 -0.01217155 0.99992560 0.87960292
0.00000000 0.00000000 0.00000000 1.00000000
182	182	183
0.99999704 0.00121792 -0.00210588 -20.63979683
-0.00118905 0.99990605 0.01365588 0.20290775
0.00212232 -0.01365334 0.99990454 0.92239126
0.00000000 0.00000000 0.00000000 1.00000000
183	183	184
0.99999919 -0.00014080 0.00126375 -20.36913196
0.00012634 0.99993462 0.01143449 -0.03029458
-0.00126528 -0.01143432 0.99993383 0.92835844
0.00000000 0.00000000 0.00000000 1.00000000
184	184	185
0.99999733 0.00028640 0.00229264 -20.32683072
-0.00028639 0.99999996 -0.00000299 -1.06840964
-0.00229264 0.00000233 0.99999737 0.92316490
0.00000000 0.00000000 0.00000000 1.00000000
185	185	186
0.99999443 -0.00017106 0.00333360 -20.26858297
0.00016721 0.99999932 0.00115430 -0.98307124
-0.00333380 -0.00115373 0.99999378 0.92807316
0.00000000 0.00000000 0.00000000 1.00000000
186	186	187
0.99999082 -0.00164745 0.00395616 -20.24113132
0.00164208 0.99999773 0.00135954 -0.96991555
-0.00395839 -0.00135303 0.99999125 0.93335740
0.00000000 0.00000000 0.00000000 1.00000000
187	187	188
0.99998780 -0.00295319 0.00395897 -20.26869269
0.00294933 0.99999517 0.00098253 -0.99466997
-0.00396185 -0.00097084 0.99999168 0.95051792
0.00000000 0.00000000 0.00000000 1.00000000
188	188	189
0.99998329 -0.00510864 0.00270494 -20.37703382
0.00510981 0.99998685 -0.00042492 -1.08535245
-0.00270274 0.00043873 0.99999625 0.96925211
0.00000000 0.00000000 0.00000000 1.00000000
189	189	190
0.99997747 -0.00648421 0.00173732 -20.44932631
0.00648890 0.99997529 -0.00270465 -1.20786924
-0.00171974 0.00271586 0.99999483 1.00342227
0.00000000 0.00000000 0.00000000 1.00000000
190	190	191
0.99998814 -0.00398785 -0.00279744 -20.73925071
0.00398963 0.99999184 0.00063282 -1.00230832
0.00279489 -0.00064398 0.99999589 1.03714136
0.00000000 0.00000000 0.00000000 1.00000000
191	191	192
0.99998515 -0.00294430 -0.00458577 -20.87882543
0.00292645 0.99998814 -0.00389298 -1.25297949
0.00459718 0.00387950 0.99998191 1.04595694
0.00000000 0.00000000 0.00000000 1.00000000
192	192	193
0.99996195 0.00136730 -0.00861605 -21.13715235
-0.00139668 0.99999323 -0.00340504 -1.22090717
0.00861134 0.00341695 0.99995708 1.04704894
0.00000000 0.00000000 0.00000000 1.00000000
193	193	194
0.99998289 0.00141359 -0.00567694 -21.01929673
-0.00143342 0.99999288 -0.00348990 -1.19408142
0.00567197 0.00349798 0.99997780 1.05486267
0.00000000 0.00000000 0.00000000 1.00000000
194	194	195
0.99999665 0.00236180 0.00106112 -20.71219179
-0.00235958 0.99999505 -0.00208215 -1.10564263
-0.00106603 0.00207964 0.99999727 1.02348766
0.00000000 0.00000000 0.00000000 1.00000000
195	195	196
0.99999853 0.00030636 0.00168892 -20.75350104
-0.00030369 0.99999870 -0.00158116 -1.10685173
-0.00168940 0.00158064 0.99999732 1.01638508
0.00000000 0.00000000 0.00000000 1.00000000
196	196	197
0.99999464 0.00127415 0.00301736 -20.76192492
-0.00126593 0.99999549 -0.00272521 -1.15608485
-0.00302082 0.00272137 0.99999173 1.00807499
0.00000000 0.00000000 0.00000000 1.00000000
197	197	198
0.99999380 -0.00053505 0.00347922 -20.77812216
0.00053961 0.99999900 -0.00130942 -1.09434721
-0.00347851 0.00131129 0.99999309 1.01936896
0.00000000 0.00000000 0.00000000 1.00000000
198	198	199
0.99999631 -0.00098952 0.00252840 -20.85263971
0.00099624 0.99999597 -0.00265931 -1.14762491
-0.00252576 0.00266182 0.99999327 1.00790757
0.00000000 0.00000000 0.00000000 1.00000000
199	199	200
0.99999471 0.00007007 0.00325193 -20.86555735
-0.00005161 0.99998389 -0.00567637 -1.25464048
-0.00325228 0.00567617 0.99997860 0.98274131
0.00000000 0.00000000 0.00000000 1.00000000
200	200	201
0.99998544 0.00458694 0.00284228 -20.91776235
-0.00456910 0.99997003 -0.00624954 -1.26038705
-0.00287086 0.00623646 0.99997643 0.98221167
0.00000000 0.00000000 0.00000000 1.00000000
201	201	202
0.99997221 0.00724812 0.00174656 -20.99827794
-0.00723846 0.99995883 -0.00547161 -1.22084472
-0.00178615 0.00545882 0.99998351 0.99690759
0.00000000 0.00000000 0.00000000 1.00000000
202	202	203
0.99989994 0.01400624 0.00198521 -21.04393965
-0.01400716 0.99990179 0.00044816 -1.04505075
-0.00197874 -0.00047593 0.99999793 0.99175110
0.00000000 0.00000000 0.00000000 1.00000000
203	203	204
0.99989436 0.01403764 0.00377082 -21.02250862
-0.01403866 0.99990142 0.00024456 -1.05700170
-0.00376702 -0.00029747 0.99999286 0.99218641
0.00000000 0.00000000 0.00000000 1.00000000
204	204	205
0.99996061 0.00730876 0.00503600 -21.00507882
-0.00729003 0.99996648 -0.00372769 -1.16091139
-0.00506307 0.00369083 0.99998037 0.99142683
0.00000000 0.00000000 0.00000000 1.00000000
205	205	206
0.99998934 0.00092706 0.00452388 -21.05681186
-0.00092886 0.99999949 0.00039411 -0.99127340
-0.00452351 -0.00039831 0.99998969 1.02090807
0.00000000 0.00000000 0.00000000 1.00000000
206	206	207
0.99998641 -0.00103351 0.00511037 -21.06276011
0.00101815 0.99999496 0.00300686 -0.86808967
-0.00511345 -0.00300161 0.99998242 1.04227195
0.00000000 0.00000000 0.00000000 1.00000000
207	207	208
0.99997871 -0.00394077 0.00520085 -21.08006935
0.00391657 0.99998150 0.00465444 -0.78734151
-0.00521910 -0.00463397 0.99997564 1.05756034
0.00000000 0.00000000 0.00000000 1.00000000
