0	0	1
0.94947912 -0.31009139 0.04829830 246.24811103
0.15085152 0.58591117 0.79621098 4.87019688
-0.27519668 -0.74869983 0.60308818 249.70545529
0.00000000 0.00000000 0.00000000 1.00000000
1	1	2
0.94951959 -0.30992174 0.04859085 246.24559312
0.15063927 0.58631284 0.79595544 4.86938563
-0.27517333 -0.74845559 0.60340191 249.70352250
0.00000000 0.00000000 0.00000000 1.00000000
2	2	3
0.94949999 -0.30999406 0.04851245 246.24562346
0.15078977 0.58641047 0.79585501 4.87030938
-0.27515853 -0.74834914 0.60354067 249.70368916
0.00000000 0.00000000 0.00000000 1.00000000
3	3	4
0.94952731 -0.31006099 0.04754021 246.25224320
0.15161990 0.58632886 0.79575742 4.86761795
-0.27460753 -0.74838536 0.60374668 249.69990990
0.00000000 0.00000000 0.00000000 1.00000000
4	4	5
0.94944010 -0.31032530 0.04755737 246.25412164
0.15182389 0.58643683 0.79563896 4.86680078
-0.27479629 -0.74819119 0.60390143 249.69508835
0.00000000 0.00000000 0.00000000 1.00000000
5	5	6
0.94967807 -0.30970620 0.04683631 246.26543408
0.15193017 0.58622031 0.79577822 4.86304735
-0.27391384 -0.74861727 0.60377428 249.69659668
0.00000000 0.00000000 0.00000000 1.00000000
6	6	7
0.94965455 -0.30981708 0.04657911 246.26927834
0.15222767 0.58623955 0.79570719 4.86332213
-0.27383019 -0.74855632 0.60388779 249.69344218
0.00000000 0.00000000 0.00000000 1.00000000
7	7	8
0.94958845 -0.31000149 0.04669956 246.26514784
0.15233645 0.58647182 0.79551518 4.86774281
-0.27399887 -0.74829799 0.60413140 249.68788237
0.00000000 0.00000000 0.00000000 1.00000000
8	8	9
0.94965920 -0.30983269 0.04638010 246.27455949
0.15261099 0.58680294 0.79521833 4.87417135
-0.27360061 -0.74810829 0.60454668 249.67466223
0.00000000 0.00000000 0.00000000 1.00000000
9	9	10
0.94975472 -0.30948202 0.04676369 246.25925962
0.15208764 0.58689896 0.79524774 4.87127096
-0.27356044 -0.74817811 0.60447845 249.67539965
0.00000000 0.00000000 0.00000000 1.00000000
10	10	11
0.94969007 -0.30959042 0.04735557 246.23421104
0.15185870 0.58742683 0.79490167 4.88090595
-0.27391187 -0.74771886 0.60488742 249.65733892
0.00000000 0.00000000 0.00000000 1.00000000
11	11	12
0.94967702 -0.30963084 0.04735297 246.23553227
0.15197655 0.58766784 0.79470097 4.88908187
-0.27389175 -0.74751271 0.60515127 249.64407079
0.00000000 0.00000000 0.00000000 1.00000000
12	12	13
0.94926244 -0.31093747 0.04710321 246.24255812
0.15249355 0.58609637 0.79576175 4.83908460
-0.27503917 -0.74820381 0.60377523 249.70635896
0.00000000 0.00000000 0.00000000 1.00000000
13	13	14
0.94922146 -0.31108765 0.04693708 246.25401328
0.15276275 0.58617348 0.79565331 4.84578826
-0.27503119 -0.74808096 0.60393105 249.69708249
0.00000000 0.00000000 0.00000000 1.00000000
14	14	15
0.94942861 -0.31054673 0.04632536 246.28881238
0.15312252 0.58675478 0.79515554 4.87226827
-0.27411458 -0.74784996 0.60463347 249.65536230
0.00000000 0.00000000 0.00000000 1.00000000
15	15	16
0.94948894 -0.31034771 0.04642260 246.28089953
0.15273103 0.58627624 0.79558369 4.84440499
-0.27412404 -0.74830774 0.60406253 249.69195407
0.00000000 0.00000000 0.00000000 1.00000000
16	16	17
0.94950882 -0.31008818 0.04773177 246.18668009
0.15161229 0.58669535 0.79548870 4.84398245
-0.27467565 -0.74808682 0.60408559 249.68704384
0.00000000 0.00000000 0.00000000 1.00000000
17	17	18
0.94934203 -0.31058669 0.04780806 246.17885539
0.15202408 0.58707150 0.79513253 4.87261353
-0.27502433 -0.74758475 0.60454831 249.65571405
0.00000000 0.00000000 0.00000000 1.00000000
18	18	19
0.94936831 -0.31047963 0.04798132 246.16517720
0.15198492 0.58755656 0.79478165 4.90026963
-0.27495525 -0.74724808 0.60499580 249.61940063
0.00000000 0.00000000 0.00000000 1.00000000
19	19	20
0.94962613 -0.30969034 0.04798024 246.16711661
0.15136259 0.58731548 0.79507855 4.87561617
-0.27440768 -0.74776495 0.60460566 249.65926726
0.00000000 0.00000000 0.00000000 1.00000000
20	20	21
0.94979989 -0.30921643 0.04759599 246.19845832
0.15166771 0.58814636 0.79440592 4.93691160
-0.27363677 -0.74730787 0.60551950 249.57694329
0.00000000 0.00000000 0.00000000 1.00000000
21	21	22
0.94981923 -0.30923158 0.04710905 246.24242403
0.15215873 0.58834728 0.79416321 4.95760978
-0.27329682 -0.74714343 0.60587585 249.54240739
0.00000000 0.00000000 0.00000000 1.00000000
22	22	23
0.94995591 -0.30895280 0.04617299 246.33510363
0.15283130 0.58856404 0.79387339 4.98806493
-0.27244517 -0.74708804 0.60632755 249.50169669
0.00000000 0.00000000 0.00000000 1.00000000
23	23	24
0.94995852 -0.30898455 0.04590609 246.35948926
0.15301354 0.58839302 0.79396506 4.97843710
-0.27233375 -0.74720961 0.60622778 249.51365046
0.00000000 0.00000000 0.00000000 1.00000000
24	24	25
0.94998143 -0.30888689 0.04608882 246.33926531
0.15283297 0.58849829 0.79392181 4.98263349
-0.27235523 -0.74716708 0.60627055 249.50867034
0.00000000 0.00000000 0.00000000 1.00000000
25	25	26
0.95007647 -0.30855363 0.04636117 246.31193669
0.15258026 0.58904950 0.79356156 5.02032103
-0.27216532 -0.74687037 0.60672127 249.46248237
0.00000000 0.00000000 0.00000000 1.00000000
26	26	27
0.94980755 -0.30935721 0.04651599 246.29148564
0.15300653 0.58907721 0.79345891 5.03130464
-0.27286374 -0.74651601 0.60684366 249.44909303
0.00000000 0.00000000 0.00000000 1.00000000
27	27	28
0.95005699 -0.30846529 0.04733790 246.19975772
0.15187460 0.58951555 0.79335082 5.04165528
-0.27262762 -0.74653907 0.60692141 249.44036202
0.00000000 0.00000000 0.00000000 1.00000000
28	28	29
0.95011843 -0.30827369 0.04735294 246.19914475
0.15195191 0.59011810 0.79288791 5.09113423
-0.27237032 -0.74614205 0.60752486 249.37393479
0.00000000 0.00000000 0.00000000 1.00000000
29	29	30
0.95044333 -0.30738605 0.04659711 246.27920964
0.15204217 0.59029020 0.79274249 5.10548093
-0.27118381 -0.74637209 0.60777302 249.34637254
0.00000000 0.00000000 0.00000000 1.00000000
30	30	31
0.95036463 -0.30765990 0.04639460 246.29913431
0.15282013 0.59145376 0.79172499 5.22036879
-0.27102229 -0.74533739 0.60911336 249.19587011
0.00000000 0.00000000 0.00000000 1.00000000
31	31	32
0.95036085 -0.30772343 0.04604933 246.33840186
0.15322037 0.59164463 0.79150499 5.24203422
-0.27080947 -0.74515966 0.60942539 249.15979608
0.00000000 0.00000000 0.00000000 1.00000000
32	32	33
0.94996070 -0.30894354 0.04613632 246.33059209
0.15401626 0.59174540 0.79127516 5.26246557
-0.27176030 -0.74457456 0.60971720 249.13823196
0.00000000 0.00000000 0.00000000 1.00000000
33	33	34
0.94971308 -0.30968993 0.04623000 246.32119385
0.15408514 0.59075507 0.79200140 5.17278859
-0.27258546 -0.74505074 0.60876643 249.25533697
0.00000000 0.00000000 0.00000000 1.00000000
34	34	35
0.94999362 -0.30878215 0.04653725 246.28311567
0.15328463 0.59095767 0.79200559 5.18340255
-0.27205873 -0.74526681 0.60873757 249.24780209
0.00000000 0.00000000 0.00000000 1.00000000
35	35	36
0.95010109 -0.30870143 0.04484799 246.46163053
0.15491706 0.59172620 0.79111365 5.25704194
-0.27075565 -0.74469022 0.61002283 249.08009811
0.00000000 0.00000000 0.00000000 1.00000000
36	36	37
0.95019718 -0.30850482 0.04415982 246.54078326
0.15493165 0.59055642 0.79198440 5.15525863
-0.27040987 -0.74569960 0.60894221 249.19225894
0.00000000 0.00000000 0.00000000 1.00000000
37	37	38
0.95070739 -0.30687250 0.04455022 246.47877047
0.15390256 0.59168185 0.79134480 5.25948721
-0.26920151 -0.74548096 0.60974477 249.07082932
0.00000000 0.00000000 0.00000000 1.00000000
38	38	39
0.95077121 -0.30677147 0.04387913 246.55340491
0.15437110 0.59162296 0.79129757 5.24798375
-0.26870742 -0.74556927 0.60985472 249.04109193
0.00000000 0.00000000 0.00000000 1.00000000
39	39	40
0.95063730 -0.30723127 0.04356218 246.59709258
0.15511359 0.59208206 0.79080883 5.27604327
-0.26875358 -0.74501529 0.61051103 248.96947971
0.00000000 0.00000000 0.00000000 1.00000000
40	40	41
0.95056961 -0.30742305 0.04368619 246.58637508
0.15502692 0.59176560 0.79106266 5.25017741
-0.26904288 -0.74518759 0.61017325 249.01953460
0.00000000 0.00000000 0.00000000 1.00000000
41	41	42
0.95047384 -0.30778043 0.04325149 246.63860945
0.15574218 0.59207005 0.79069427 5.26314634
-0.26896814 -0.74479814 0.61068148 248.96117700
0.00000000 0.00000000 0.00000000 1.00000000
42	42	43
0.95058702 -0.30758866 0.04211342 246.76311890
0.15615277 0.59094404 0.79145528 5.15623940
-0.26832934 -0.74577099 0.60977455 249.02737689
0.00000000 0.00000000 0.00000000 1.00000000
43	43	44
0.95066038 -0.30733143 0.04233483 246.73883325
0.15585128 0.59110512 0.79139442 5.17830167
-0.26824471 -0.74574938 0.60983821 249.01651927
0.00000000 0.00000000 0.00000000 1.00000000
44	44	45
0.95070908 -0.30715565 0.04251652 246.71580686
0.15514890 0.58990517 0.79242710 5.09611004
-0.26847918 -0.74677124 0.60848307 249.17645139
0.00000000 0.00000000 0.00000000 1.00000000
45	45	46
0.95071902 -0.30711911 0.04255818 246.70951972
0.15485929 0.58926517 0.79295974 5.05017944
-0.26861114 -0.74729138 0.60778586 249.26109288
0.00000000 0.00000000 0.00000000 1.00000000
46	46	47
0.95049383 -0.30753346 0.04454945 246.49947084
0.15341240 0.58908089 0.79337781 5.09066406
-0.27023345 -0.74726627 0.60709719 249.43595346
0.00000000 0.00000000 0.00000000 1.00000000
47	47	48
0.95058668 -0.30727498 0.04435136 246.51480910
0.15366507 0.58980791 0.79278854 5.14075739
-0.26976287 -0.74679898 0.60788098 249.32142363
0.00000000 0.00000000 0.00000000 1.00000000
48	48	49
0.95080320 -0.30657973 0.04452137 246.48042085
0.15293202 0.58947656 0.79317664 5.14471270
-0.26941618 -0.74734614 0.60736206 249.35354000
0.00000000 0.00000000 0.00000000 1.00000000
49	49	50
0.95071590 -0.30685921 0.04446014 246.49017447
0.15306812 0.58918694 0.79336555 5.11353207
-0.26964686 -0.74745982 0.60711975 249.39755475
0.00000000 0.00000000 0.00000000 1.00000000
50	50	51
0.95091978 -0.30621768 0.04452307 246.47200111
0.15265403 0.58939000 0.79329451 5.15443909
-0.26916225 -0.74756281 0.60720797 249.35196913
0.00000000 0.00000000 0.00000000 1.00000000
51	51	52
0.95049145 -0.30760498 0.04410421 246.54628581
0.15374716 0.58884464 0.79348838 5.04209595
-0.27005150 -0.74742302 0.60698519 249.44695953
0.00000000 0.00000000 0.00000000 1.00000000
52	52	53
0.95025979 -0.30838086 0.04367585 246.61163313
0.15455755 0.58864161 0.79348158 4.96961220
-0.27040395 -0.74726320 0.60702505 249.46917620
0.00000000 0.00000000 0.00000000 1.00000000
53	53	54
0.95017044 -0.30863728 0.04380819 246.60731448
0.15490832 0.58943464 0.79282420 5.01463576
-0.27051718 -0.74653187 0.60787385 249.39685399
0.00000000 0.00000000 0.00000000 1.00000000
54	54	55
0.95061819 -0.30740039 0.04277913 246.68224965
0.15480274 0.58908993 0.79310098 4.99285957
-0.26900030 -0.74731390 0.60758602 249.28133134
0.00000000 0.00000000 0.00000000 1.00000000
55	55	56
0.95093814 -0.30638919 0.04292216 246.64018778
0.15408388 0.58932958 0.79306292 5.06890165
-0.26828120 -0.74754017 0.60762561 249.20345776
0.00000000 0.00000000 0.00000000 1.00000000
56	56	57
0.95112890 -0.30580822 0.04283851 246.63262178
0.15395071 0.58986228 0.79269267 5.12364756
-0.26768076 -0.74735789 0.60811446 249.09188139
0.00000000 0.00000000 0.00000000 1.00000000
57	57	58
0.95139039 -0.30503271 0.04256016 246.63591948
0.15380875 0.59028748 0.79240366 5.17003250
-0.26683176 -0.74733911 0.60851054 248.95664169
0.00000000 0.00000000 0.00000000 1.00000000
58	58	59
0.95129035 -0.30532591 0.04269380 246.62831294
0.15390022 0.59029846 0.79237772 5.16291308
-0.26713553 -0.74721069 0.60853496 248.98604209
0.00000000 0.00000000 0.00000000 1.00000000
59	59	60
0.95133260 -0.30528540 0.04203690 246.69119155
0.15467302 0.59100772 0.79169826 5.14588655
-0.26653805 -0.74666639 0.60946433 248.82285979
0.00000000 0.00000000 0.00000000 1.00000000
60	60	61
0.95161779 -0.30438715 0.04209559 246.66025283
0.15418773 0.59149494 0.79142901 5.23942599
-0.26580015 -0.74664731 0.60980987 248.70708251
0.00000000 0.00000000 0.00000000 1.00000000
61	61	62
0.95125612 -0.30550862 0.04214590 246.69260021
0.15447960 0.59029582 0.79226693 5.11169308
-0.26692293 -0.74713809 0.60871736 248.95782261
0.00000000 0.00000000 0.00000000 1.00000000
62	62	63
0.95133132 -0.30515346 0.04301273 246.59341308
0.15362105 0.59058779 0.79221628 5.22687318
-0.26715033 -0.74705250 0.60872265 248.98917580
0.00000000 0.00000000 0.00000000 1.00000000
63	63	64
0.95114466 -0.30577925 0.04269521 246.64442581
0.15442266 0.59090170 0.79182626 5.16520330
-0.26735272 -0.74654821 0.60925224 248.96558327
0.00000000 0.00000000 0.00000000 1.00000000
64	64	65
0.95093814 -0.30608688 0.04502740 246.43091489
0.15321985 0.59237262 0.79096040 5.41621567
-0.26877560 -0.74525533 0.61020830 249.06879458
0.00000000 0.00000000 0.00000000 1.00000000
65	65	66
0.95082723 -0.30645236 0.04488347 246.45861123
0.15366274 0.59257823 0.79072043 5.38246944
-0.26891511 -0.74494160 0.61052983 249.06113751
0.00000000 0.00000000 0.00000000 1.00000000
66	66	67
0.95086415 -0.30623128 0.04560446 246.38392012
0.15283719 0.59236989 0.79103648 5.46313551
-0.26925482 -0.74519817 0.61006682 249.14833186
0.00000000 0.00000000 0.00000000 1.00000000
67	67	68
0.95077875 -0.30638993 0.04631396 246.32080897
0.15240326 0.59250336 0.79102024 5.52626539
-0.26980181 -0.74502683 0.61003442 249.23155918
0.00000000 0.00000000 0.00000000 1.00000000
68	68	69
0.95092216 -0.30597637 0.04610312 246.32142798
0.15245452 0.59293915 0.79068374 5.55500770
-0.26926689 -0.74485007 0.61048646 249.11406694
0.00000000 0.00000000 0.00000000 1.00000000
69	69	70
0.95094589 -0.30597503 0.04562022 246.36421018
0.15288308 0.59301662 0.79054288 5.50415374
-0.26893993 -0.74478894 0.61070512 249.04569025
0.00000000 0.00000000 0.00000000 1.00000000
70	70	71
0.95094601 -0.30589158 0.04617387 246.31064172
0.15257339 0.59359056 0.79017188 5.59014433
-0.26911530 -0.74436589 0.61114350 249.03633001
0.00000000 0.00000000 0.00000000 1.00000000
71	71	72
0.95085477 -0.30641951 0.04452296 246.47643405
0.15422533 0.59336893 0.79001763 5.35049402
-0.26849535 -0.74432547 0.61146533 248.91098075
0.00000000 0.00000000 0.00000000 1.00000000
72	72	73
0.95079849 -0.30662245 0.04432722 246.50395016
0.15437024 0.59293581 0.79031447 5.29297806
-0.26861136 -0.74458700 0.61109585 248.95871740
0.00000000 0.00000000 0.00000000 1.00000000
73	73	74
0.95062412 -0.30696456 0.04567880 246.39520837
0.15358486 0.59322534 0.79025021 5.42494046
-0.26967663 -0.74421533 0.61107942 249.13302734
0.00000000 0.00000000 0.00000000 1.00000000
74	74	75
0.95066016 -0.30697988 0.04481746 246.47330264
0.15444462 0.59359405 0.78980565 5.33208528
-0.26905783 -0.74391495 0.61171761 248.97847431
0.00000000 0.00000000 0.00000000 1.00000000
75	75	76
0.95070913 -0.30686447 0.04456845 246.48679247
0.15459845 0.59366549 0.78972185 5.31724449
-0.26879633 -0.74390556 0.61184397 248.92577959
0.00000000 0.00000000 0.00000000 1.00000000
76	76	77
0.95059376 -0.30726984 0.04423524 246.53653411
0.15528318 0.59402759 0.78931512 5.24408821
-0.26880968 -0.74344904 0.61239275 248.88135815
0.00000000 0.00000000 0.00000000 1.00000000
77	77	78
0.95055682 -0.30750411 0.04339296 246.61874880
0.15614294 0.59402808 0.78914512 5.11361477
-0.26844201 -0.74335177 0.61267204 248.79358655
0.00000000 0.00000000 0.00000000 1.00000000
78	78	79
0.95069252 -0.30703418 0.04374635 246.56126280
0.15552063 0.59400741 0.78928356 5.20537037
-0.26832268 -0.74356251 0.61246855 248.79334027
0.00000000 0.00000000 0.00000000 1.00000000
79	79	80
0.95077610 -0.30678633 0.04366872 246.55407486
0.15521909 0.59346223 0.78975289 5.20976733
-0.26820112 -0.74409995 0.61186880 248.82382291
0.00000000 0.00000000 0.00000000 1.00000000
80	80	81
0.95074887 -0.30691694 0.04334248 246.58798470
0.15551602 0.59328662 0.78982641 5.14687247
-0.26812562 -0.74418612 0.61179709 248.81667553
0.00000000 0.00000000 0.00000000 1.00000000
81	81	82
0.95071514 -0.30695062 0.04384114 246.54474376
0.15530507 0.59378646 0.78949223 5.22075709
-0.26836740 -0.74377346 0.61219276 248.83131648
0.00000000 0.00000000 0.00000000 1.00000000
82	82	83
0.95132570 -0.30473800 0.04597995 246.25283681
0.15269011 0.59565157 0.78859681 5.79296456
-0.26770345 -0.74319174 0.61318913 248.62504592
0.00000000 0.00000000 0.00000000 1.00000000
83	83	84
0.95116805 -0.30504890 0.04716476 246.16776663
0.15166179 0.59493621 0.78933492 5.90980774
-0.26884577 -0.74363706 0.61214857 248.92211033
0.00000000 0.00000000 0.00000000 1.00000000
84	84	85
0.95089847 -0.30579801 0.04774594 246.15767204
0.15159618 0.59467406 0.78954503 5.90674372
-0.26983457 -0.74353906 0.61183247 249.13778684
0.00000000 0.00000000 0.00000000 1.00000000
85	85	86
0.95099380 -0.30557906 0.04724654 246.18760297
0.15182419 0.59457184 0.78957820 5.86385165
-0.26937002 -0.74371081 0.61182843 249.05065699
0.00000000 0.00000000 0.00000000 1.00000000
86	86	87
0.95093540 -0.30574433 0.04735256 246.18747104
0.15179730 0.59442902 0.78969090 5.85723654
-0.26959125 -0.74375704 0.61167477 249.10693120
0.00000000 0.00000000 0.00000000 1.00000000
87	87	88
0.95073353 -0.30636907 0.04736813 246.21808512
0.15206078 0.59401498 0.78995172 5.78094920
-0.27015415 -0.74383075 0.61133668 249.24196615
0.00000000 0.00000000 0.00000000 1.00000000
88	88	89
0.95079449 -0.30606661 0.04809436 246.14116542
0.15136336 0.59432458 0.78985278 5.92562010
-0.27033122 -0.74370795 0.61140781 249.26974488
0.00000000 0.00000000 0.00000000 1.00000000
89	89	90
0.95102508 -0.30527828 0.04854354 246.06405672
0.15064666 0.59486073 0.78958615 6.09841907
-0.26992015 -0.74360331 0.61171663 249.16739509
0.00000000 0.00000000 0.00000000 1.00000000
90	90	91
0.95105946 -0.30527381 0.04789375 246.12014246
0.15111805 0.59468137 0.78963118 5.99761138
-0.26953524 -0.74374859 0.61170972 249.09018486
0.00000000 0.00000000 0.00000000 1.00000000
91	91	92
0.95119660 -0.30473018 0.04862658 246.02216519
0.15100192 0.59706316 0.78785405 6.21107346
-0.26911605 -0.74206139 0.61393929 248.79606459
0.00000000 0.00000000 0.00000000 1.00000000
92	92	93
0.95105376 -0.30523592 0.04824715 246.08637471
0.15151243 0.59664865 0.78807003 6.08228831
-0.26933388 -0.74218692 0.61369198 248.86551417
0.00000000 0.00000000 0.00000000 1.00000000
93	93	94
0.95077481 -0.30592983 0.04933756 246.02048856
0.15101442 0.59645714 0.78831055 6.15084397
-0.27059546 -0.74205513 0.61329624 249.16150564
0.00000000 0.00000000 0.00000000 1.00000000
94	94	95
0.95073287 -0.30597006 0.04989322 245.96854399
0.15068009 0.59672780 0.78816968 6.23913350
-0.27092899 -0.74182090 0.61343233 249.22010516
0.00000000 0.00000000 0.00000000 1.00000000
95	95	96
0.95066005 -0.30625182 0.04955090 246.01765351
0.15090339 0.59603322 0.78865237 6.12799952
-0.27106020 -0.74226291 0.61283941 249.31128648
0.00000000 0.00000000 0.00000000 1.00000000
96	96	97
0.95055229 -0.30681133 0.04813690 246.20577613
0.15176806 0.59413595 0.78991704 5.78073828
-0.27095536 -0.74355180 0.61132145 249.46295524
0.00000000 0.00000000 0.00000000 1.00000000
97	97	98
0.95050532 -0.30695151 0.04817054 246.20858841
0.15188641 0.59427451 0.78979005 5.76998338
-0.27105378 -0.74338320 0.61148285 249.46270961
0.00000000 0.00000000 0.00000000 1.00000000
98	98	99
0.95070827 -0.30634333 0.04803702 246.18864186
0.15168968 0.59457107 0.78960463 5.83175785
-0.27045154 -0.74339693 0.61173276 249.30235362
0.00000000 0.00000000 0.00000000 1.00000000
99	99	100
0.95067760 -0.30655701 0.04727461 246.29314554
0.15243003 0.59446409 0.78954261 5.68054681
-0.27014288 -0.74339440 0.61187220 249.21398879
0.00000000 0.00000000 0.00000000 1.00000000
100	100	101
0.95101193 -0.30580167 0.04540537 246.48823422
0.15368092 0.59506031 0.78885068 5.51242312
-0.26825079 -0.74322847 0.61290534 248.67287369
0.00000000 0.00000000 0.00000000 1.00000000
101	101	102
0.95105402 -0.30567993 0.04534341 246.48818314
0.15372338 0.59526638 0.78868692 5.52678135
-0.26807717 -0.74311353 0.61312064 248.60622345
0.00000000 0.00000000 0.00000000 1.00000000
102	102	103
0.95139133 -0.30458967 0.04560345 246.39030104
0.15307299 0.59613041 0.78816064 5.74328302
-0.26725119 -0.74286854 0.61377776 248.33955216
0.00000000 0.00000000 0.00000000 1.00000000
103	103	104
0.95146533 -0.30445122 0.04497969 246.46648228
0.15342724 0.59594191 0.78823431 5.65440854
-0.26678418 -0.74307651 0.61372918 248.24666850
0.00000000 0.00000000 0.00000000 1.00000000
104	104	105
0.95154851 -0.30408442 0.04569564 246.34671059
0.15290488 0.59683739 0.78765806 5.85967402
-0.26678741 -0.74250777 0.61441572 248.15256813
0.00000000 0.00000000 0.00000000 1.00000000
105	105	106
0.95155228 -0.30407590 0.04567388 246.34808879
0.15310728 0.59736682 0.78721728 5.88581024
-0.26665786 -0.74208539 0.61498200 248.04563816
0.00000000 0.00000000 0.00000000 1.00000000
106	106	107
0.95157522 -0.30392089 0.04622431 246.26019391
0.15240199 0.59696739 0.78765701 5.96524388
-0.26697983 -0.74247022 0.61437753 248.19946886
0.00000000 0.00000000 0.00000000 1.00000000
107	107	108
0.95172634 -0.30341214 0.04645482 246.19730843
0.15184029 0.59690466 0.78781302 6.05781434
-0.26676114 -0.74272869 0.61416007 248.18281950
0.00000000 0.00000000 0.00000000 1.00000000
108	108	109
0.95176675 -0.30326788 0.04656872 246.17378067
0.15166949 0.59696652 0.78779905 6.09687934
-0.26671412 -0.74273789 0.61416937 248.17163142
0.00000000 0.00000000 0.00000000 1.00000000
109	109	110
0.95190013 -0.30288620 0.04632599 246.18781751
0.15159980 0.59694030 0.78783233 6.10598777
-0.26627739 -0.74291469 0.61414503 248.08336033
0.00000000 0.00000000 0.00000000 1.00000000
110	110	111
0.95201116 -0.30257321 0.04608911 246.20497650
0.15175407 0.59742191 0.78743747 6.13739933
-0.26579212 -0.74265505 0.61466904 247.90606862
0.00000000 0.00000000 0.00000000 1.00000000
111	111	112
0.95210540 -0.30233246 0.04572075 246.24540709
0.15197276 0.59764252 0.78722786 6.12704055
-0.26532920 -0.74257559 0.61496497 247.76689568
0.00000000 0.00000000 0.00000000 1.00000000
112	112	113
0.95202874 -0.30261808 0.04542658 246.30674223
0.15255344 0.59803940 0.78681404 6.07653145
-0.26527104 -0.74213960 0.61551612 247.67352077
0.00000000 0.00000000 0.00000000 1.00000000
113	113	114
0.95201905 -0.30270961 0.04501812 246.37155534
0.15302942 0.59825123 0.78656053 6.02427349
-0.26503157 -0.74193150 0.61587004 247.57322717
0.00000000 0.00000000 0.00000000 1.00000000
114	114	115
0.95239008 -0.30155499 0.04491903 246.32534799
0.15224759 0.59804809 0.78686667 6.12919452
-0.26414731 -0.74256520 0.61548609 247.45462854
0.00000000 0.00000000 0.00000000 1.00000000
115	115	116
0.95242539 -0.30147893 0.04468034 246.35966548
0.15234355 0.59790978 0.78695320 6.09813459
-0.26396462 -0.74270745 0.61539282 247.43283473
0.00000000 0.00000000 0.00000000 1.00000000
116	116	117
0.95261062 -0.30083739 0.04505401 246.27641741
0.15161449 0.59796260 0.78705386 6.21849746
-0.26371585 -0.74292503 0.61523683 247.40959980
0.00000000 0.00000000 0.00000000 1.00000000
117	117	118
0.95286527 -0.29994672 0.04560429 246.15652307
0.15062020 0.59815857 0.78709585 6.39461981
-0.26336542 -0.74312737 0.61514256 247.35728345
0.00000000 0.00000000 0.00000000 1.00000000
118	118	119
0.95240437 -0.30144912 0.04532486 246.26967046
0.15128193 0.59648044 0.78824163 6.08594504
-0.26465013 -0.74386794 0.61369438 247.80333242
0.00000000 0.00000000 0.00000000 1.00000000
119	119	120
0.95253529 -0.30108129 0.04501757 246.29922862
0.15117291 0.59616442 0.78850158 6.05697734
-0.26424094 -0.74427014 0.61338298 247.78258475
0.00000000 0.00000000 0.00000000 1.00000000
120	120	121
0.95240130 -0.30161468 0.04427579 246.43757438
0.15219079 0.59627671 0.78822081 5.92895591
-0.26413959 -0.74396416 0.61379770 247.70358092
0.00000000 0.00000000 0.00000000 1.00000000
121	121	122
0.95259884 -0.30094682 0.04456978 246.36565936
0.15160155 0.59658676 0.78809974 6.04477525
-0.26376586 -0.74398605 0.61393186 247.61999515
0.00000000 0.00000000 0.00000000 1.00000000
122	122	123
0.95226527 -0.30206216 0.04415095 246.47708007
0.15250985 0.59602383 0.78835039 5.85213329
-0.26444584 -0.74398525 0.61364024 247.77516956
0.00000000 0.00000000 0.00000000 1.00000000
123	123	124
0.95240562 -0.30159031 0.04434876 246.42875003
0.15201934 0.59601078 0.78845499 5.91048029
-0.26422272 -0.74418710 0.61349158 247.76306047
0.00000000 0.00000000 0.00000000 1.00000000
124	124	125
0.95252463 -0.30125203 0.04409144 246.45348250
0.15201595 0.59605152 0.78842484 5.91607787
-0.26379535 -0.74429147 0.61354887 247.68762755
0.00000000 0.00000000 0.00000000 1.00000000
125	125	126
0.95257930 -0.30104983 0.04429092 246.41537068
0.15182738 0.59637459 0.78821684 5.97873963
-0.26370652 -0.74411447 0.61380169 247.63554020
0.00000000 0.00000000 0.00000000 1.00000000
126	126	127
0.95255384 -0.30117164 0.04400934 246.46142400
0.15217478 0.59646282 0.78808308 5.95011379
-0.26359821 -0.74399446 0.61399368 247.59005011
0.00000000 0.00000000 0.00000000 1.00000000
127	127	128
0.95258202 -0.30131297 0.04240273 246.71152615
0.15345939 0.59606383 0.78813585 5.76365124
-0.26275029 -0.74425695 0.61403899 247.46547830
0.00000000 0.00000000 0.00000000 1.00000000
128	128	129
0.95235210 -0.30207433 0.04214954 246.77786226
0.15408459 0.59576925 0.78823660 5.66113517
-0.26321744 -0.74418419 0.61392709 247.54722741
0.00000000 0.00000000 0.00000000 1.00000000
129	129	130
0.95181418 -0.30351607 0.04390621 246.55220033
0.15372318 0.59607202 0.78807825 5.73413041
-0.26536568 -0.74335466 0.61400726 247.81550475
0.00000000 0.00000000 0.00000000 1.00000000
130	130	131
0.95157384 -0.30403758 0.04547933 246.32770546
0.15282259 0.59619885 0.78815747 5.83411843
-0.26674421 -0.74303976 0.61379104 248.01917221
0.00000000 0.00000000 0.00000000 1.00000000
131	131	132
0.95149164 -0.30430146 0.04543426 246.33809734
0.15311447 0.59640475 0.78794500 5.83475365
-0.26687003 -0.74276645 0.61406710 247.99245240
0.00000000 0.00000000 0.00000000 1.00000000
132	132	133
0.95128294 -0.30501515 0.04501687 246.42734334
0.15379007 0.59596318 0.78814751 5.72092678
-0.26722533 -0.74282814 0.61383791 248.06998676
0.00000000 0.00000000 0.00000000 1.00000000
133	133	134
0.95146327 -0.30452590 0.04451550 246.49688577
0.15390226 0.59605167 0.78805869 5.72077943
-0.26651782 -0.74295786 0.61398849 247.96650522
0.00000000 0.00000000 0.00000000 1.00000000
134	134	135
0.95150532 -0.30455616 0.04339562 246.67496813
0.15502915 0.59655126 0.78745956 5.70713831
-0.26571337 -0.74254437 0.61483678 247.74831462
0.00000000 0.00000000 0.00000000 1.00000000
135	135	136
0.95153469 -0.30419940 0.04521576 246.37592385
0.15335132 0.59675513 0.78763360 5.84583225
-0.26658040 -0.74252680 0.61448258 247.89026205
0.00000000 0.00000000 0.00000000 1.00000000
136	136	137
0.95120706 -0.30533954 0.04441734 246.53286818
0.15437000 0.59557691 0.78832611 5.62207853
-0.26716108 -0.74300465 0.61365222 248.08043688
0.00000000 0.00000000 0.00000000 1.00000000
137	137	138
0.95123908 -0.30522293 0.04453293 246.50859132
0.15447648 0.59636145 0.78771190 5.71843919
-0.26698545 -0.74242305 0.61443208 247.94017961
0.00000000 0.00000000 0.00000000 1.00000000
138	138	139
0.95144818 -0.30463386 0.04409730 246.56498908
0.15455014 0.59668654 0.78745123 5.75717563
-0.26619658 -0.74240379 0.61479752 247.81428652
0.00000000 0.00000000 0.00000000 1.00000000
139	139	140
0.95115771 -0.30576779 0.04248616 246.84822554
0.15665560 0.59667104 0.78704682 5.65936658
-0.26600383 -0.74194995 0.61542850 247.69741900
0.00000000 0.00000000 0.00000000 1.00000000
140	140	141
0.95111900 -0.30589901 0.04240800 246.86406587
0.15674276 0.59648256 0.78717232 5.63200682
-0.26609087 -0.74204740 0.61527336 247.72797494
0.00000000 0.00000000 0.00000000 1.00000000
141	141	142
0.95071505 -0.30703843 0.04322388 246.75746897
0.15655541 0.59566658 0.78782722 5.53510212
-0.26764026 -0.74223226 0.61437770 247.98479936
0.00000000 0.00000000 0.00000000 1.00000000
142	142	143
0.95069540 -0.30711308 0.04312562 246.77757319
0.15677897 0.59591874 0.78759203 5.55925740
-0.26757918 -0.74199893 0.61468608 247.92948010
0.00000000 0.00000000 0.00000000 1.00000000
143	143	144
0.95126623 -0.30536699 0.04293683 246.77672251
0.15586464 0.59627200 0.78750614 5.63191879
-0.26608041 -0.74243566 0.61480933 247.81602759
0.00000000 0.00000000 0.00000000 1.00000000
144	144	145
0.95105128 -0.30599104 0.04325446 246.73246175
0.15595535 0.59606541 0.78764456 5.60294409
-0.26679467 -0.74234460 0.61460971 247.89043528
0.00000000 0.00000000 0.00000000 1.00000000
145	145	146
0.95116109 -0.30564554 0.04328264 246.72035668
0.15580139 0.59636134 0.78745100 5.64374346
-0.26649298 -0.74224926 0.61485570 247.83359741
0.00000000 0.00000000 0.00000000 1.00000000
146	146	147
0.95102793 -0.30615658 0.04259138 246.84361798
0.15694266 0.59696965 0.78676314 5.70970972
-0.26629847 -0.74154932 0.61578384 247.67118989
0.00000000 0.00000000 0.00000000 1.00000000
147	147	148
0.95099244 -0.30630063 0.04234740 246.88521377
0.15709140 0.59654614 0.78705463 5.65219552
-0.26633751 -0.74183059 0.61542806 247.73074844
0.00000000 0.00000000 0.00000000 1.00000000
148	148	149
0.95107201 -0.30611905 0.04187068 246.96733818
0.15715536 0.59597162 0.78747699 5.57344335
-0.26601545 -0.74236713 0.61492018 247.80423822
0.00000000 0.00000000 0.00000000 1.00000000
149	149	150
0.95104333 -0.30612634 0.04246473 246.86672994
0.15673246 0.59614996 0.78742629 5.59484044
-0.26636727 -0.74222091 0.61494438 247.81098831
0.00000000 0.00000000 0.00000000 1.00000000
150	150	151
0.95093323 -0.30648539 0.04234018 246.88950815
0.15704378 0.59604375 0.78744466 5.58019867
-0.26657689 -0.74215804 0.61492943 247.81866099
0.00000000 0.00000000 0.00000000 1.00000000
151	151	152
0.95088067 -0.30667763 0.04212816 246.92510856
0.15748176 0.59640699 0.78708207 5.63561633
-0.26650599 -0.74178671 0.61540802 247.73921284
0.00000000 0.00000000 0.00000000 1.00000000
152	152	153
0.95118267 -0.30566370 0.04267582 246.82933532
0.15659243 0.59713173 0.78670992 5.72013813
-0.26595175 -0.74162214 0.61584598 247.65445315
0.00000000 0.00000000 0.00000000 1.00000000
153	153	154
0.95101435 -0.30618244 0.04270866 246.82392994
0.15671384 0.59655332 0.78712446 5.64488230
-0.26648168 -0.74187361 0.61531379 247.75100168
0.00000000 0.00000000 0.00000000 1.00000000
154	154	155
0.95114377 -0.30568342 0.04339555 246.70628455
0.15610200 0.59738606 0.78661430 5.74589017
-0.26637885 -0.74140916 0.61591782 247.64861656
0.00000000 0.00000000 0.00000000 1.00000000
155	155	156
0.95112248 -0.30570973 0.04367587 246.65767472
0.15593980 0.59752943 0.78653757 5.76246683
-0.26654981 -0.74128276 0.61599599 247.63839364
0.00000000 0.00000000 0.00000000 1.00000000
156	156	157
0.95118989 -0.30548285 0.04379509 246.63992056
0.15567841 0.59751021 0.78660396 5.75299801
-0.26646204 -0.74139178 0.61590276 247.65427194
0.00000000 0.00000000 0.00000000 1.00000000
157	157	158
0.95100542 -0.30599845 0.04419991 246.57032522
0.15577820 0.59773301 0.78641491 5.78643071
-0.26706149 -0.74099946 0.61611522 247.62212420
0.00000000 0.00000000 0.00000000 1.00000000
158	158	159
0.95092435 -0.30625096 0.04419529 246.57013383
0.15595982 0.59774456 0.78637013 5.79251971
-0.26724411 -0.74088582 0.61617270 247.61239103
0.00000000 0.00000000 0.00000000 1.00000000
159	159	160
0.95077054 -0.30670372 0.04436455 246.53788917
0.15606249 0.59755418 0.78649444 5.77080614
-0.26773099 -0.74085210 0.61600186 247.64306860
0.00000000 0.00000000 0.00000000 1.00000000
160	160	161
0.95073948 -0.30679190 0.04442048 246.52978008
0.15619810 0.59788948 0.78621265 5.82049125
-0.26776221 -0.74054500 0.61635744 247.58148180
0.00000000 0.00000000 0.00000000 1.00000000
161	161	162
0.95070742 -0.30688476 0.04446499 246.52030566
0.15618235 0.59777097 0.78630588 5.80281847
-0.26788518 -0.74060219 0.61623528 247.60207536
0.00000000 0.00000000 0.00000000 1.00000000
162	162	163
0.95070127 -0.30691789 0.04436796 246.53902495
0.15631251 0.59784593 0.78622303 5.81795767
-0.26783111 -0.74052796 0.61634799 247.58189128
0.00000000 0.00000000 0.00000000 1.00000000
163	163	164
0.95062946 -0.30713313 0.04441702 246.52958898
0.15632293 0.59757746 0.78642502 5.78051964
-0.26807979 -0.74065540 0.61608669 247.62800148
0.00000000 0.00000000 0.00000000 1.00000000
164	164	165
0.95060790 -0.30715351 0.04473640 246.47130395
0.15614457 0.59777580 0.78630972 5.80456980
-0.26826013 -0.74048688 0.61621075 247.60494757
0.00000000 0.00000000 0.00000000 1.00000000
165	165	166
0.95071621 -0.30679738 0.04487830 246.44698848
0.15590307 0.59810994 0.78610351 5.84185239
-0.26801665 -0.74036468 0.61646347 247.55861465
0.00000000 0.00000000 0.00000000 1.00000000
166	166	167
0.95061321 -0.30715206 0.04463333 246.49124624
0.15632278 0.59803517 0.78607704 5.84754591
-0.26813748 -0.74027802 0.61651500 247.54793650
0.00000000 0.00000000 0.00000000 1.00000000
167	167	168
0.95033956 -0.30797195 0.04481075 246.44966994
0.15649325 0.59735351 0.78656128 5.75125891
-0.26900667 -0.74048772 0.61588420 247.66364316
0.00000000 0.00000000 0.00000000 1.00000000
168	168	169
0.95028882 -0.30812845 0.04481101 246.44887779
0.15668992 0.59759877 0.78633579 5.79740301
-0.26907143 -0.74022468 0.61617205 247.60930067
0.00000000 0.00000000 0.00000000 1.00000000
169	169	170
0.95015430 -0.30863576 0.04416759 246.57248409
0.15750877 0.59742523 0.78630406 5.80359196
-0.26906838 -0.74015340 0.61625899 247.58996907
0.00000000 0.00000000 0.00000000 1.00000000
170	170	171
0.94994340 -0.30920481 0.04472052 246.45937974
0.15709675 0.59647483 0.78710761 5.63702306
-0.27005212 -0.74068223 0.61519240 247.79916033
0.00000000 0.00000000 0.00000000 1.00000000
171	171	172
0.95010243 -0.30871040 0.04475776 246.45476405
0.15665101 0.59626955 0.78735194 5.58190950
-0.26975142 -0.74105365 0.61487695 247.86556728
0.00000000 0.00000000 0.00000000 1.00000000
172	172	173
0.95021162 -0.30831934 0.04513380 246.37653544
0.15607031 0.59626891 0.78746774 5.55467541
-0.26970341 -0.74121696 0.61470114 247.90171292
0.00000000 0.00000000 0.00000000 1.00000000
173	173	174
0.95011010 -0.30851051 0.04595722 246.19326394
0.15577717 0.59697587 0.78699002 5.65299034
-0.27023004 -0.74056808 0.61525170 247.77846609
0.00000000 0.00000000 0.00000000 1.00000000
174	174	175
0.95005534 -0.30875457 0.04544734 246.30312477
0.15638464 0.59702295 0.78683381 5.68858584
-0.27007164 -0.74042839 0.61548932 247.72572129
0.00000000 0.00000000 0.00000000 1.00000000
175	175	176
0.95016764 -0.30831819 0.04605813 246.17224666
0.15562406 0.59714805 0.78688967 5.67311153
-0.27011592 -0.74050935 0.61537248 247.75044882
0.00000000 0.00000000 0.00000000 1.00000000
176	176	177
0.95008132 -0.30865622 0.04557226 246.27769107
0.15620728 0.59700596 0.78688193 5.67705788
-0.27008291 -0.74048310 0.61541855 247.73836178
0.00000000 0.00000000 0.00000000 1.00000000
177	177	178
0.95011817 -0.30847218 0.04604757 246.17195370
0.15580716 0.59733542 0.78671121 5.71280592
-0.27018436 -0.74029407 0.61560141 247.69534078
0.00000000 0.00000000 0.00000000 1.00000000
178	178	179
0.95010443 -0.30844411 0.04651675 246.06875622
0.15553512 0.59770707 0.78648273 5.76528514
-0.27038935 -0.74000574 0.61585802 247.63530254
0.00000000 0.00000000 0.00000000 1.00000000
179	179	180
0.95016510 -0.30827984 0.04636608 246.10169991
0.15550691 0.59759812 0.78657110 5.73574069
-0.27019230 -0.74016216 0.61575652 247.65879690
0.00000000 0.00000000 0.00000000 1.00000000
180	180	181
0.94998232 -0.30885859 0.04625979 246.12027520
0.15612011 0.59794411 0.78618659 5.82745846
-0.27048125 -0.73964128 0.61625536 247.54563137
0.00000000 0.00000000 0.00000000 1.00000000
181	181	182
0.95000139 -0.30893321 0.04536114 246.33305945
0.15669617 0.59734397 0.78652812 5.74239669
-0.27008086 -0.74009489 0.61588626 247.62823754
0.00000000 0.00000000 0.00000000 1.00000000
182	182	183
0.95001598 -0.30874749 0.04631002 246.11493930
0.15585668 0.59754674 0.78654090 5.73993330
-0.27051493 -0.74000870 0.61579931 247.64833705
0.00000000 0.00000000 0.00000000 1.00000000
183	183	184
0.94996566 -0.30887720 0.04647717 246.07453687
0.15584943 0.59766093 0.78645557 5.76020099
-0.27069578 -0.73986235 0.61589569 247.62612707
0.00000000 0.00000000 0.00000000 1.00000000
184	184	185
0.94974686 -0.30958971 0.04620724 246.13503912
0.15641243 0.59724701 0.78665822 5.71004190
-0.27113843 -0.73989879 0.61565716 247.68432947
0.00000000 0.00000000 0.00000000 1.00000000
185	185	186
0.94988976 -0.30906405 0.04678518 246.00379538
0.15560827 0.59734724 0.78674160 5.69426786
-0.27110054 -0.74003763 0.61550695 247.71859106
0.00000000 0.00000000 0.00000000 1.00000000
186	186	187
0.94987828 -0.30918840 0.04619282 246.14315977
0.15593502 0.59666535 0.78719422 5.58092559
-0.27095298 -0.74053562 0.61497275 247.84147338
0.00000000 0.00000000 0.00000000 1.00000000
187	187	188
0.95034215 -0.30765143 0.04690835 245.97806045
0.15454642 0.59738165 0.78692475 5.66592710
-0.27012071 -0.74059825 0.61526339 247.76512959
0.00000000 0.00000000 0.00000000 1.00000000
188	188	189
0.95056083 -0.30698620 0.04683565 245.99804790
0.15408517 0.59720581 0.78714864 5.62103751
-0.26961429 -0.74101598 0.61498248 247.82142496
0.00000000 0.00000000 0.00000000 1.00000000
189	189	190
0.95050008 -0.30719469 0.04670140 246.02746161
0.15455402 0.59779474 0.78660950 5.73710326
-0.26956011 -0.74045451 0.61568212 247.66155779
0.00000000 0.00000000 0.00000000 1.00000000
190	190	191
0.95030223 -0.30799753 0.04542239 246.32380964
0.15591471 0.59710649 0.78686367 5.64059595
-0.26947408 -0.74067628 0.61545298 247.70869493
0.00000000 0.00000000 0.00000000 1.00000000
191	191	192
0.94979493 -0.30956317 0.04538990 246.33157115
0.15708612 0.59728819 0.78649270 5.69206742
-0.27058002 -0.73987666 0.61592937 247.63767678
0.00000000 0.00000000 0.00000000 1.00000000
192	192	193
0.94982566 -0.30957609 0.04465273 246.50145087
0.15800690 0.59811396 0.78568028 5.85499652
-0.26993525 -0.73920385 0.61701915 247.36482614
0.00000000 0.00000000 0.00000000 1.00000000
193	193	194
0.94998228 -0.30922413 0.04375057 246.70773209
0.15847774 0.59802518 0.78565303 5.84216597
-0.26910682 -0.73942296 0.61711847 247.30753502
0.00000000 0.00000000 0.00000000 1.00000000
194	194	195
0.95018453 -0.30849563 0.04449490 246.53095100
0.15681881 0.59653814 0.78711505 5.56488062
-0.26936446 -0.74092691 0.61519924 247.75358466
0.00000000 0.00000000 0.00000000 1.00000000
195	195	196
0.95011743 -0.30865815 0.04479975 246.46173406
0.15663045 0.59640738 0.78725163 5.54067427
-0.26971053 -0.74096449 0.61500232 247.81713548
0.00000000 0.00000000 0.00000000 1.00000000
196	196	197
0.95056421 -0.30719916 0.04534715 246.32017603
0.15480287 0.59538313 0.78838760 5.35702697
-0.26919094 -0.74239316 0.61350520 248.13699925
0.00000000 0.00000000 0.00000000 1.00000000
197	197	198
0.95036003 -0.30790453 0.04483991 246.44458067
0.15556672 0.59499605 0.78852945 5.27749365
-0.26947136 -0.74241128 0.61336016 248.18392878
0.00000000 0.00000000 0.00000000 1.00000000
198	198	199
0.95040292 -0.30799863 0.04325653 246.80662175
0.15672005 0.59437482 0.78876954 5.14888936
-0.26865053 -0.74286972 0.61316513 248.17753872
0.00000000 0.00000000 0.00000000 1.00000000
199	199	200
0.94988657 -0.30941958 0.04444120 246.55168380
0.15633312 0.59333884 0.78962584 4.96127483
-0.27069439 -0.74310735 0.61197713 248.57395188
0.00000000 0.00000000 0.00000000 1.00000000
200	200	201
0.94979117 -0.30976286 0.04408747 246.63327826
0.15670542 0.59290847 0.78987528 4.87390781
-0.27081386 -0.74330782 0.61168075 248.64886031
0.00000000 0.00000000 0.00000000 1.00000000
201	201	202
0.95005976 -0.30893561 0.04410483 246.62302720
0.15645979 0.59382950 0.78923182 5.04832424
-0.27001256 -0.74291676 0.61250951 248.40380477
0.00000000 0.00000000 0.00000000 1.00000000
202	202	203
0.95010829 -0.30893623 0.04304230 246.86611292
0.15727298 0.59363705 0.78921496 4.99207119
-0.26936860 -0.74307029 0.61260681 248.33778705
0.00000000 0.00000000 0.00000000 1.00000000
203	203	204
0.95018699 -0.30861446 0.04360963 246.73494606
0.15643285 0.59322735 0.78968986 4.94327778
-0.26958013 -0.74353105 0.61195435 248.50182339
0.00000000 0.00000000 0.00000000 1.00000000
204	204	205
0.95083442 -0.30643442 0.04485375 246.41227134
0.15470756 0.59543712 0.78836553 5.40599878
-0.26828992 -0.74266586 0.61356983 248.03104311
0.00000000 0.00000000 0.00000000 1.00000000
205	205	206
0.95071621 -0.30687604 0.04433727 246.54046285
0.15548120 0.59555563 0.78812378 5.39848961
-0.26826161 -0.74238844 0.61391784 247.95006740
0.00000000 0.00000000 0.00000000 1.00000000
206	206	207
0.95056204 -0.30735035 0.04435736 246.54460503
0.15555426 0.59490487 0.78860070 5.27242489
-0.26876511 -0.74271391 0.61330364 248.12966332
